0.909800 0.829148 0.873471
0.970001 0.936786 0.926538
0.942256 0.901406 0.942179
0.963384 0.955489 0.947813
0.948127 0.933288 0.979838
0.810209 0.999990 0.439767
0.914133 0.880095 0.869844
0.971790 0.956543 0.979136
0.888075 0.855951 0.844683
0.942341 0.893990 0.916591
0.861954 0.778097 0.699536
0.966216 0.999990 0.965574
0.229911 0.851537 0.919613
0.977872 0.955356 0.942312
0.765354 0.784518 0.481511
0.989068 0.985821 0.970723
0.968306 0.999990 0.968610
0.942915 0.940278 0.999990
0.753741 0.844068 0.999990
0.979839 0.982356 0.993011
0.936516 0.871182 0.829572
0.979018 0.295282 0.477277
0.752429 0.433429 0.553903
0.974769 0.321133 0.876862
0.962854 0.975816 0.980581
0.892014 0.955989 0.938128
0.938073 0.990529 0.999990
0.953782 0.966605 0.937676
0.947563 0.992392 0.999990
0.968233 0.954081 0.954762
0.933030 0.938099 0.757043
0.387225 0.496963 0.999990
0.969061 0.976778 0.946215
0.956580 0.970734 0.999990
0.974492 0.991178 0.980659
0.999990 0.999990 0.760112
0.991588 0.952536 0.995101
0.980221 0.967396 0.970544
0.882623 0.999990 0.888457
0.999990 0.999990 0.970743
0.752500 0.981090 0.634195
0.919869 0.999990 0.609004
0.984468 0.999990 0.978347
0.984248 0.859103 0.977809
0.545390 0.749121 0.489364
0.685476 0.764106 0.990645
0.999990 0.991737 0.949617
0.466888 0.691837 0.545539
0.999990 0.431309 0.999990
0.792386 0.938736 0.920722
0.984294 0.991608 0.999990
0.709765 0.897147 0.292320
0.999990 0.999990 0.917626
0.961743 0.989446 0.976975
0.937778 0.942464 0.947951
0.932137 0.976492 0.968440
0.967782 0.975046 0.999990
0.958311 0.956443 0.999337
0.962028 0.986358 0.986982
0.982552 0.999990 0.983808
0.922779 0.944544 0.963787
0.990237 0.980722 0.992365
0.971620 0.999990 0.999990
0.874833 0.908479 0.930429
0.945016 0.954244 0.968021
0.835094 0.956884 0.943254
0.965197 0.954568 0.999990
0.999210 0.930654 0.944458
0.780452 0.845498 0.316096
0.999990 0.999990 0.649566
0.784091 0.805219 0.987194
0.732466 0.703694 0.559103
0.983630 0.990437 0.977740
0.968439 0.927909 0.970106
0.719294 0.699743 0.433909
0.993246 0.975974 0.932650
0.932790 0.888750 0.784771
0.975601 0.947533 0.999990
0.919091 0.963530 0.993627
0.999836 0.955091 0.692462
0.709452 0.824489 0.999990
0.727862 0.676816 0.743082
0.883707 0.912055 0.743842
0.627503 0.311924 0.999990
0.468992 0.762186 0.712955
0.498905 0.500269 0.533314
0.985404 0.987117 0.978562
0.960191 0.957381 0.999990
0.992309 0.975162 0.980098
0.904833 0.913076 0.939683
0.943074 0.932070 0.987511
0.950307 0.925937 0.989634
0.799731 0.999990 0.999990
0.803632 0.791125 0.926469
0.836990 0.849851 0.999990
0.442167 0.881257 0.476717
0.999990 0.999990 0.896851
0.976541 0.999990 0.895470
0.576436 0.604653 0.548113
0.579284 0.583521 0.622743
0.986895 0.975342 0.984243
0.866885 0.829821 0.921171
0.973677 0.979173 0.984349
0.497877 0.839437 0.511572
0.867354 0.359351 0.777058
0.999990 0.999990 0.955159
0.559750 0.046089 0.932859
0.999990 0.781215 0.556782
0.861243 0.999990 0.930676
0.860396 0.314747 0.083452
0.516350 0.508392 0.534503
0.325482 0.759903 0.652079
0.986167 0.990951 0.999990
0.999990 0.999990 0.950766
0.999990 0.738418 0.999990
0.870568 0.321601 0.665915
0.992752 0.981623 0.990685
0.950856 0.990570 0.945010
0.961700 0.988097 0.940671
0.493706 0.925446 0.456511
0.953988 0.999990 0.985186
0.973050 0.999990 0.953325
0.961163 0.999990 0.962216
0.964081 0.354240 0.921767
0.608764 0.418939 0.860241
0.981894 0.999990 0.993184
0.999990 0.954907 0.738898
0.386622 0.914100 0.886792
0.965845 0.972615 0.999990
0.952733 0.971998 0.734198
0.517675 0.523739 0.517688
0.889612 0.856175 0.977545
0.953724 0.918026 0.982976
0.653524 0.675710 0.572691
0.966663 0.983936 0.962133
0.567242 0.873949 0.022335
0.416213 0.854271 0.866341
0.986511 0.947378 0.940677
0.999990 0.957592 0.940685
0.876850 0.677771 0.999990
0.944679 0.985106 0.978686
0.999990 0.999990 0.954045
0.942746 0.925033 0.946059
0.940893 0.919045 0.907383
0.999990 0.999990 0.961458
0.937362 0.978450 0.961225
0.975896 0.999990 0.999990
0.978243 0.991424 0.988705
0.975056 0.982856 0.988660
0.987682 0.999990 0.958663
0.598005 0.269267 0.618207
0.562452 0.896399 0.999990
0.985733 0.999749 0.989643
0.844370 0.971321 0.842191
0.987057 0.976986 0.955211
0.978075 0.985268 0.975796
0.301562 0.999990 0.880795
0.990557 0.963765 0.999990
0.903829 0.000010 0.999990
0.976081 0.999990 0.936481
0.999990 0.908601 0.980186
0.979839 0.999990 0.971390
0.994317 0.952402 0.999990
0.992996 0.999990 0.956912
0.988894 0.999990 0.983300
0.959507 0.993968 0.999990
0.991062 0.999990 0.992648
0.829198 0.947063 0.284032
0.999990 0.895626 0.999990
0.783723 0.875216 0.982219
0.688515 0.982867 0.996698
0.997313 0.999990 0.921348
0.999990 0.468438 0.614578
0.830730 0.922891 0.928075
0.768328 0.941189 0.713352
0.985353 0.952410 0.956989
0.957417 0.907975 0.897989
0.993138 0.999990 0.999990
0.867429 0.966180 0.928457
0.916775 0.970476 0.975924
0.985726 0.977351 0.999990
0.999990 0.877449 0.965423
0.678422 0.350598 0.479252
0.987381 0.985402 0.982585
0.720433 0.858947 0.702686
0.969321 0.856735 0.913897
0.749282 0.629507 0.754733
0.952747 0.968202 0.982056
0.913046 0.928625 0.946672
0.909249 0.900842 0.869924
0.989155 0.982187 0.965863
0.961344 0.864403 0.984799
0.995401 0.999990 0.981390
0.854931 0.536779 0.944779
0.990242 0.991035 0.987413
0.985982 0.991365 0.989600
0.984853 0.992282 0.991319
0.975193 0.991247 0.999990
0.922654 0.104289 0.514002
0.976085 0.990158 0.999990
0.987682 0.977483 0.972132
0.968166 0.958959 0.963178
0.999990 0.999990 0.918920
0.977908 0.999990 0.973605
0.741553 0.916951 0.770481
0.640510 0.617896 0.701764
0.887303 0.999990 0.919438
0.838038 0.907247 0.876629
0.632412 0.732296 0.503255
0.833381 0.323062 0.949024
0.995298 0.713144 0.882969
0.999990 0.963890 0.965416
0.983657 0.999990 0.964466
0.676064 0.416530 0.330675
0.951971 0.791679 0.977876
0.995919 0.994817 0.916633
0.952928 0.977540 0.942591
0.794976 0.979685 0.999990
0.999990 0.368309 0.999990
0.987723 0.962576 0.982216
0.996366 0.999990 0.959168
0.924459 0.950916 0.965937
0.999990 0.999990 0.964560
0.967010 0.995922 0.996461
0.995905 0.999990 0.869953
0.752544 0.572798 0.243022
0.954216 0.983581 0.999990
0.566987 0.357850 0.650887
0.974283 0.964532 0.843076
0.979266 0.984001 0.964825
0.958178 0.999990 0.773067
0.999990 0.867820 0.975921
0.483890 0.473677 0.936617
0.759417 0.999990 0.999990
0.432776 0.384731 0.885100
0.816697 0.896235 0.999990
0.999990 0.999990 0.899855
0.980708 0.999990 0.974596
0.942137 0.972271 0.734014
0.510555 0.962171 0.253907
0.776913 0.930499 0.473128
0.999990 0.665188 0.963726
0.353504 0.305511 0.952407
0.997963 0.999990 0.643120
0.846350 0.989014 0.881701
0.999990 0.766948 0.999990
0.979814 0.983824 0.999990
0.939077 0.976134 0.955898
0.878851 0.980636 0.724322
0.977742 0.994794 0.988262
0.980651 0.999990 0.991800
0.967880 0.971591 0.971921
0.709581 0.312562 0.439486
0.895029 0.990017 0.537142
0.935524 0.999990 0.920877
0.861453 0.345891 0.999990
0.885228 0.962349 0.870919
0.992377 0.903995 0.999990
0.711456 0.997227 0.968012
0.964250 0.934872 0.870807
0.933265 0.999990 0.922668
0.974843 0.954844 0.967580
0.674933 0.586923 0.561744
0.861493 0.989017 0.830028
0.731874 0.572726 0.400520
0.999990 0.985533 0.820192
0.999990 0.999990 0.939068
0.976742 0.986794 0.990038
0.969648 0.975576 0.968738
0.919739 0.830670 0.962784
0.591390 0.755774 0.999990
0.994182 0.999990 0.950660
0.984401 0.991751 0.979079
0.989591 0.981273 0.969206
0.986166 0.977903 0.975569
0.735697 0.999990 0.237655
0.968874 0.990136 0.972060
0.983975 0.968736 0.920214
0.861984 0.000010 0.281885
0.840533 0.560115 0.534756
0.999990 0.990479 0.937722
0.668214 0.711850 0.320371
0.990712 0.999990 0.700034
0.444179 0.505320 0.999990
0.981583 0.960585 0.995157
0.776768 0.920023 0.956522
0.884365 0.663365 0.875350
0.809464 0.483371 0.753804
0.999990 0.981524 0.902165
0.946173 0.975768 0.969360
0.965421 0.951604 0.986399
0.937034 0.988167 0.995854
0.977578 0.958083 0.979723
0.975660 0.966382 0.976159
0.982231 0.990121 0.937635
0.597934 0.812172 0.742318
0.822740 0.169910 0.128621
0.999988 0.999990 0.912568
0.999990 0.918223 0.816433
0.623291 0.350278 0.539699
0.622292 0.850725 0.490309
0.983556 0.890935 0.999990
0.841000 0.588409 0.535616
0.799669 0.694794 0.791919
0.887195 0.698315 0.858089
0.975227 0.989927 0.990576
0.725685 0.714096 0.000010
0.985369 0.999990 0.775621
0.999990 0.999990 0.961159
0.964776 0.968955 0.969390
0.968779 0.930469 0.972500
0.999990 0.921671 0.445630
0.999990 0.934671 0.985858
0.854279 0.165510 0.182027
0.999990 0.999990 0.882371
0.999990 0.999990 0.805379
0.656973 0.841880 0.944409
0.942161 0.935092 0.993697
0.962674 0.972866 0.908220
0.971187 0.999990 0.949465
0.818019 0.989820 0.999990
0.688903 0.999990 0.005290
0.984125 0.971057 0.959219
0.990655 0.999990 0.968350
0.999989 0.999990 0.930321
0.951214 0.972336 0.881287
0.971590 0.982205 0.969039
0.992075 0.962203 0.996118
0.999990 0.181601 0.840360
0.362704 0.896987 0.604933
0.761905 0.836572 0.912503
0.988341 0.992040 0.969648
0.987270 0.961982 0.954974
0.676328 0.855117 0.868096
0.823197 0.961173 0.803297
0.603256 0.287131 0.470352
0.296677 0.694679 0.875521
0.999990 0.961777 0.919126
0.999990 0.999990 0.944327
0.969108 0.590041 0.999990
0.995690 0.999990 0.932854
0.994125 0.993723 0.969681
0.575214 0.837779 0.999990
0.461366 0.489308 0.999990
0.982272 0.989952 0.983088
0.976632 0.999990 0.999990
0.988873 0.990048 0.984943
0.949888 0.999990 0.976742
0.833246 0.443246 0.999990
0.983557 0.999990 0.994988
0.863338 0.802098 0.949288
0.942542 0.944488 0.465688
0.994714 0.958929 0.999990
0.749780 0.036280 0.493523
0.440271 0.883069 0.995920
0.999990 0.999990 0.954853
0.474793 0.323342 0.770148
0.984439 0.962585 0.999990
0.950470 0.617026 0.999990
0.989535 0.954949 0.942963
0.968181 0.999990 0.999990
0.870575 0.399397 0.762183
0.999990 0.748515 0.999990
0.999990 0.983859 0.519052
0.677849 0.374818 0.999990
0.984961 0.979153 0.999990
0.976197 0.999990 0.992756
0.524219 0.724387 0.999990
0.553732 0.215705 0.944224
0.996693 0.992313 0.941030
0.999990 0.999990 0.926203
0.978037 0.999990 0.982826
0.981134 0.991123 0.981891
0.977721 0.991304 0.999990
0.968552 0.999990 0.838285
0.649694 0.709597 0.000010
0.817678 0.417696 0.212360
0.445040 0.529653 0.661322
0.981272 0.973667 0.978145
0.626090 0.312681 0.706049
0.999990 0.949180 0.706465
0.985656 0.962624 0.999990
0.999990 0.999990 0.943299
0.999990 0.995750 0.857557
0.924109 0.731925 0.968274
0.999990 0.667894 0.893159
0.894238 0.137749 0.225170
0.988959 0.990245 0.973621
0.853313 0.993117 0.674860
0.829752 0.991301 0.999433
0.857001 0.518025 0.999990
0.962353 0.971870 0.948737
0.968193 0.991592 0.999990
0.988043 0.999990 0.999990
0.999990 0.999990 0.884165
0.989412 0.971424 0.999990
0.999990 0.781657 0.901255
0.985021 0.951108 0.982039
0.999990 0.485635 0.999990
0.989139 0.959072 0.728017
0.999990 0.836424 0.925794
0.812902 0.873886 0.648405
0.999990 0.906508 0.943003
0.999990 0.999990 0.869812
0.524931 0.732214 0.509526
0.999990 0.931485 0.782046
0.682662 0.516538 0.680133
0.521664 0.539023 0.579134
0.728115 0.721155 0.915418
0.706060 0.665963 0.663858
0.693202 0.708112 0.754459
0.766475 0.777519 0.946396
0.943596 0.916786 0.759119
0.980571 0.961661 0.937980
0.987676 0.993229 0.965444
0.828472 0.945622 0.950740
0.999990 0.725852 0.933473
0.644716 0.830958 0.032057
0.999990 0.999990 0.948543
0.975087 0.999990 0.883711
0.983749 0.999990 0.914708
0.620960 0.901759 0.349973
0.999990 0.825992 0.916544
0.999990 0.622752 0.715993
0.999990 0.957629 0.972295
0.981429 0.960252 0.951877
0.941821 0.999990 0.928886
0.990721 0.991286 0.973613
0.988166 0.999990 0.992200
0.817169 0.050149 0.677277
0.893840 0.999990 0.973347
0.980041 0.988853 0.993278
0.986505 0.948651 0.979646
0.999990 0.987696 0.901219
0.922518 0.927918 0.924104
0.967029 0.921398 0.892811
0.942726 0.951396 0.999990
0.963684 0.991729 0.957119
0.954691 0.973278 0.960611
0.923777 0.930888 0.967615
0.922128 0.887119 0.866462
0.758443 0.761332 0.659821
0.958062 0.949706 0.951652
0.580104 0.614114 0.590251
0.949013 0.966585 0.946618
0.947388 0.888892 0.999990
0.964716 0.900260 0.954967
0.979393 0.961379 0.971706
0.970437 0.984910 0.871596
0.953269 0.917744 0.925957
0.937544 0.898419 0.961343
0.913047 0.964079 0.917220
0.659905 0.736826 0.719886
0.891330 0.853677 0.764985
0.686677 0.855716 0.762244
0.999919 0.961546 0.780723
0.999990 0.940936 0.906496
0.999990 0.999990 0.957312
0.982080 0.999990 0.999990
0.879029 0.792467 0.695682
0.999990 0.999990 0.823499
0.984156 0.960805 0.981084
0.808335 0.875000 0.768318
0.999990 0.999990 0.940514
0.999990 0.999990 0.904999
0.999990 0.999990 0.815756
0.833179 0.767545 0.633504
0.980406 0.999990 0.999990
0.986338 0.999990 0.999990
0.988717 0.999990 0.964583
0.969096 0.983311 0.981770
0.974842 0.977183 0.989629
0.969565 0.847725 0.942714
0.986423 0.842657 0.999990
0.991927 0.969473 0.983660
0.964779 0.653481 0.317086
0.723924 0.422746 0.885174
0.482541 0.421048 0.766018
0.543011 0.513077 0.999990
0.901843 0.971629 0.859834
0.883765 0.952605 0.842589
0.879080 0.998776 0.828309
0.905801 0.949699 0.943430
0.988526 0.984037 0.923780
0.631684 0.923633 0.359494
0.963945 0.999990 0.991532
0.976202 0.995198 0.990674
0.983800 0.983533 0.999104
0.990291 0.960586 0.983167
0.984577 0.962477 0.792799
0.981150 0.999990 0.985251
0.878375 0.929596 0.970592
0.962163 0.999990 0.999990
0.973717 0.999990 0.988164
0.972389 0.995529 0.971462
0.989346 0.974521 0.996197
0.987554 0.974826 0.999990
0.999990 0.999990 0.922218
0.559836 0.167632 0.990432
0.827079 0.999990 0.990063
0.999990 0.983687 0.872655
0.999990 0.999990 0.915015
0.999990 0.840047 0.999990
0.829189 0.945486 0.891605
0.999990 0.999990 0.936632
0.998617 0.999990 0.794242
0.985667 0.980745 0.998508
0.988236 0.989721 0.992049
0.967792 0.979474 0.971871
0.995220 0.970074 0.970851
0.989905 0.983630 0.986886
0.636884 0.813353 0.829946
0.977950 0.979589 0.984901
0.982921 0.972871 0.979085
0.978929 0.999990 0.999990
0.987214 0.969871 0.999990
0.988877 0.989527 0.999990
0.977619 0.999990 0.981889
0.619166 0.608161 0.591613
0.961531 0.982678 0.949998
0.955873 0.938353 0.966903
0.984365 0.986680 0.977736
0.986782 0.991069 0.996521
0.990941 0.999990 0.957568
0.924681 0.993952 0.999990
0.958318 0.995592 0.988743
0.979557 0.999990 0.991539
0.999990 0.884925 0.902375
0.971422 0.992795 0.979317
0.954102 0.799447 0.753491
0.654527 0.155625 0.501588
0.975234 0.978419 0.999990
0.991405 0.991602 0.961435
0.589146 0.811019 0.999990
0.537676 0.623303 0.610813
0.952425 0.533762 0.999990
0.681089 0.867356 0.999990
0.968324 0.952977 0.961818
0.873852 0.951233 0.862352
0.999990 0.999990 0.855707
0.699146 0.166472 0.761419
0.976729 0.999990 0.963053
0.716991 0.821895 0.174874
0.976796 0.999990 0.961967
0.968652 0.981390 0.999990
0.986363 0.999990 0.972552
0.975563 0.991054 0.990349
0.966986 0.999990 0.828558
0.804151 0.493620 0.972847
0.999990 0.999990 0.759851
0.560982 0.693314 0.536817
0.404609 0.943360 0.722795
0.970035 0.955964 0.963620
0.999990 0.999990 0.666946
0.317128 0.650705 0.964670
0.990589 0.991171 0.975771
0.989401 0.961354 0.998755
0.999990 0.999990 0.444893
0.733462 0.291041 0.495349
0.996259 0.947987 0.978215
0.987809 0.999990 0.972915
0.964294 0.990404 0.999990
0.946000 0.990255 0.750799
0.444420 0.815158 0.342783
0.999990 0.956974 0.831229
0.868991 0.642187 0.499469
0.726822 0.574836 0.000010
0.986145 0.625738 0.990139
0.758896 0.747404 0.445869
0.959704 0.922134 0.936768
0.954463 0.974728 0.969313
0.838563 0.868143 0.999990
0.490476 0.988928 0.999990
0.999990 0.999990 0.921064
0.999990 0.840070 0.999990
0.986223 0.998152 0.965121
0.997092 0.976906 0.978833
0.831388 0.966306 0.879682
0.990524 0.999990 0.991816
0.990591 0.999990 0.999990
0.963124 0.943568 0.903176
0.969644 0.952746 0.972179
0.406212 0.999990 0.780489
0.964831 0.959771 0.973809
0.959585 0.965113 0.976283
0.982995 0.980269 0.991337
0.921855 0.870719 0.928050
0.983558 0.964072 0.955376
0.949229 0.999990 0.999990
0.929312 0.914883 0.980354
0.960292 0.975079 0.974800
0.828688 0.606207 0.532739
0.591230 0.592288 0.467938
0.840655 0.219080 0.567097
0.976674 0.998336 0.897451
0.983021 0.981211 0.999990
0.875899 0.966480 0.907494
0.846347 0.990518 0.947647
0.937278 0.999990 0.943916
0.870553 0.999990 0.978475
0.362923 0.934414 0.410655
0.573876 0.501525 0.382095
0.719979 0.957078 0.999990
0.893846 0.999990 0.862655
0.822251 0.942652 0.889436
0.653126 0.549745 0.849664
0.952860 0.951479 0.953131
0.961484 0.880187 0.962616
0.768849 0.326006 0.078862
0.945071 0.922922 0.938754
0.941812 0.903005 0.893008
0.908136 0.952225 0.913918
0.959669 0.939290 0.943517
0.943937 0.989549 0.958175
0.984317 0.972065 0.999990
0.969778 0.950567 0.999990
0.937781 0.980743 0.917358
0.967691 0.949861 0.987342
0.941311 0.955116 0.979678
0.929115 0.972072 0.854245
0.945671 0.993156 0.950580
0.919294 0.879314 0.959179
0.829483 0.781255 0.853792
0.942923 0.889604 0.986701
0.936407 0.891738 0.961772
0.903926 0.958547 0.772308
0.944581 0.955928 0.944034
0.952843 0.920413 0.941338
0.999990 0.602946 0.521354
0.915571 0.891265 0.877524
0.940918 0.883550 0.906371
0.930967 0.941031 0.954813
0.848688 0.914694 0.951085
0.903131 0.854823 0.943105
0.931922 0.948138 0.973366
0.931575 0.935394 0.940851
0.940991 0.918886 0.972880
0.892482 0.899773 0.896994
0.968381 0.968796 0.999990
0.920079 0.878590 0.915665
0.916817 0.905047 0.889577
0.908498 0.836942 0.832222
0.999990 0.988657 0.537529
0.999990 0.636788 0.999990
0.489849 0.456088 0.652447
0.999990 0.928966 0.862305
0.941919 0.939325 0.970809
0.989664 0.977496 0.949300
0.986273 0.980776 0.863594
0.836041 0.723853 0.166054
0.987726 0.984028 0.890834
0.994428 0.982283 0.932328
0.993479 0.980511 0.861855
0.991816 0.958898 0.920641
0.999990 0.980848 0.935346
0.962714 0.988194 0.994395
0.968216 0.991700 0.999990
0.970779 0.963790 0.997461
0.965727 0.973510 0.999990
0.974155 0.960012 0.999990
0.960787 0.986434 0.999990
0.963483 0.987631 0.999990
0.927795 0.906089 0.918704
0.974778 0.927877 0.942904
0.873791 0.916930 0.911045
0.958306 0.955145 0.868872
0.992980 0.972994 0.985806
0.899164 0.874620 0.925075
0.972112 0.963935 0.977917
0.904813 0.907918 0.936494
0.981316 0.999990 0.963394
0.885249 0.834101 0.946486
0.975108 0.972887 0.994237
0.999990 0.999990 0.938039
0.927533 0.886971 0.967908
0.870217 0.868419 0.932412
0.905886 0.881894 0.895865
0.886729 0.900748 0.944070
0.904822 0.836695 0.931921
0.995109 0.982824 0.933289
0.910785 0.952620 0.913651
0.703448 0.701985 0.000010
0.984861 0.999990 0.957577
0.993215 0.848937 0.787266
0.820877 0.832693 0.999990
0.982600 0.947450 0.954350
0.963257 0.933414 0.988221
0.946372 0.992599 0.887367
0.984512 0.952058 0.980054
0.971559 0.969074 0.994078
0.917973 0.970455 0.961658
0.978340 0.999990 0.932606
0.980172 0.999990 0.902358
0.978188 0.960763 0.999990
0.961428 0.899779 0.999990
0.963871 0.999990 0.950780
0.493646 0.966003 0.243268
0.931201 0.995808 0.904713
0.954890 0.994180 0.996024
0.960933 0.949445 0.999990
0.990766 0.999990 0.959450
0.964349 0.986088 0.954836
0.973066 0.999990 0.971143
0.992857 0.992283 0.914301
0.968746 0.999990 0.980699
0.924411 0.972486 0.959433
0.985187 0.990510 0.999990
0.962009 0.995868 0.958406
0.997161 0.999990 0.952342
0.916847 0.993258 0.863752
0.961894 0.973208 0.950849
0.866481 0.874577 0.866118
0.979916 0.999990 0.991615
0.999990 0.983196 0.981211
0.950353 0.942246 0.927290
0.999343 0.977490 0.941452
0.962839 0.989433 0.998800
0.970267 0.948115 0.931078
0.976643 0.991551 0.986124
0.987412 0.980130 0.919155
0.969507 0.991220 0.969085
0.968763 0.963401 0.954610
0.933862 0.983404 0.935493
0.987219 0.999990 0.968738
0.953442 0.962625 0.936328
0.913860 0.878704 0.929617
0.984337 0.993566 0.987232
0.976442 0.999990 0.986047
0.962033 0.957516 0.961301
0.956051 0.924709 0.942794
0.959102 0.947318 0.999990
0.982763 0.998824 0.951660
0.729781 0.719248 0.784796
0.920002 0.934871 0.958305
0.984168 0.989580 0.965829
0.956417 0.909014 0.909425
0.869351 0.923766 0.932686
0.942809 0.888506 0.826849
0.923784 0.842690 0.947496
0.950666 0.936500 0.949697
0.917017 0.958811 0.986391
0.918155 0.975519 0.959378
0.946808 0.927372 0.975718
0.506410 0.664537 0.444946
0.970209 0.988999 0.999990
0.961381 0.977663 0.999649
0.991096 0.978938 0.999990
0.980059 0.980352 0.999990
0.962654 0.999990 0.989487
0.971619 0.995891 0.999990
0.925892 0.957747 0.954543
0.981093 0.970026 0.952651
0.984849 0.980963 0.999990
0.945033 0.960592 0.999990
0.974262 0.980240 0.986989
0.961521 0.984747 0.987191
0.985876 0.978732 0.985317
0.984889 0.990250 0.999990
0.999990 0.699054 0.724545
0.518752 0.810837 0.999990
0.487366 0.899915 0.332289
0.999988 0.999990 0.900138
0.970388 0.999990 0.985156
0.747575 0.947711 0.820406
0.931388 0.892153 0.919656
0.852431 0.838489 0.727799
0.970250 0.922606 0.987304
0.865586 0.999990 0.959851
0.969844 0.963461 0.973184
0.977863 0.993046 0.999990
0.989912 0.999990 0.941593
0.984437 0.999990 0.990401
0.978982 0.995153 0.999990
0.961320 0.966402 0.937425
0.970552 0.988829 0.973578
0.982011 0.987733 0.999990
0.978498 0.991289 0.990087
0.975333 0.976180 0.973953
0.882305 0.420645 0.614848
0.400804 0.999990 0.999990
0.984806 0.975283 0.984777
0.967145 0.999990 0.999990
0.734876 0.841567 0.904809
0.650864 0.621489 0.999990
0.999990 0.999990 0.686154
0.741174 0.777744 0.999990
0.974960 0.930548 0.983824
0.999990 0.999990 0.913933
0.898562 0.999990 0.956696
0.676180 0.497607 0.931807
0.651096 0.414495 0.804422
0.599117 0.161092 0.999990
0.929361 0.920765 0.999990
0.993597 0.994790 0.990030
0.477500 0.892804 0.219502
0.979228 0.969018 0.965960
0.778788 0.938113 0.958154
0.568589 0.334886 0.999990
0.900365 0.999990 0.996049
0.646785 0.763652 0.704425
0.922042 0.842253 0.522566
0.727228 0.999990 0.758581
0.801552 0.972051 0.999990
0.792124 0.656368 0.995880
0.984754 0.992407 0.990417
0.891528 0.999990 0.999990
0.787217 0.169173 0.332789
0.966092 0.988554 0.978570
0.978288 0.999990 0.975148
0.601068 0.585492 0.722250
0.999990 0.946056 0.751753
0.999990 0.926354 0.655657
0.996902 0.999990 0.968488
0.929703 0.993843 0.853213
0.936236 0.992364 0.894123
0.993937 0.983499 0.999990
0.872597 0.969216 0.747437
0.970571 0.971065 0.975018
0.931413 0.993217 0.999990
0.965130 0.951330 0.960915
0.980150 0.986289 0.991158
0.994223 0.990052 0.985138
0.969174 0.992893 0.990798
0.971414 0.987909 0.974418
0.979258 0.974337 0.936952
0.981877 0.999990 0.986231
0.855192 0.978987 0.248129
0.808720 0.652025 0.675178
0.897990 0.978154 0.936234
0.519029 0.402626 0.815243
0.948887 0.959210 0.986492
0.987603 0.999990 0.899818
0.974081 0.992251 0.999990
0.950702 0.942527 0.969599
0.965997 0.999990 0.977951
0.999990 0.825531 0.944046
0.883622 0.982184 0.922924
0.999990 0.999990 0.962389
0.591872 0.659096 0.922903
0.981323 0.968191 0.976831
0.999990 0.934037 0.848492
0.932211 0.938604 0.915801
0.999990 0.821719 0.999990
0.478374 0.216580 0.999990
0.972523 0.999990 0.807041
0.999990 0.512113 0.757644
0.604833 0.674272 0.230837
0.949508 0.641917 0.725000
0.984120 0.978752 0.969636
0.964236 0.954759 0.849377
0.962815 0.969469 0.987669
0.999990 0.955665 0.857842
0.851574 0.334510 0.999990
0.990886 0.999990 0.751180
0.881012 0.960443 0.999990
0.972052 0.989220 0.997121
0.990380 0.999990 0.960278
0.704327 0.888148 0.456198
0.999990 0.999990 0.858134
0.880919 0.230583 0.152284
0.999990 0.999990 0.923145
0.707956 0.515402 0.611444
0.456202 0.599047 0.630108
0.999990 0.885360 0.959036
0.973835 0.971481 0.984546
0.979306 0.978650 0.995987
0.983344 0.999990 0.980972
0.999990 0.999990 0.933140
0.714267 0.983770 0.999990
0.641707 0.668879 0.394561
0.969168 0.999990 0.956698
0.994579 0.974403 0.974481
0.490143 0.739798 0.772982
0.974762 0.907069 0.842503
0.727523 0.052464 0.546076
0.608925 0.581517 0.999990
0.933949 0.962419 0.975212
0.971038 0.994656 0.824962
0.957816 0.977340 0.999990
0.703384 0.915031 0.000010
0.979659 0.910287 0.999990
0.989739 0.999990 0.856890
0.849391 0.999990 0.676049
0.990847 0.972098 0.999990
0.999990 0.999990 0.953398
0.579448 0.878851 0.999990
0.893258 0.938621 0.892692
0.983104 0.966429 0.970199
0.995729 0.999990 0.946982
0.983954 0.992699 0.999990
0.990601 0.991104 0.967273
0.949021 0.992203 0.999990
0.897612 0.999990 0.999990
0.981046 0.989812 0.999990
0.216844 0.611861 0.999990
0.999990 0.946031 0.974291
0.999990 0.912356 0.804951
0.999990 0.632413 0.999990
0.999990 0.999990 0.813814
0.907599 0.903712 0.906871
0.966873 0.997718 0.947358
0.953226 0.952191 0.904070
0.990145 0.980233 0.978859
0.974720 0.967114 0.941365
0.944490 0.973556 0.966991
0.983300 0.984451 0.983172
0.945108 0.895210 0.981873
0.924889 0.829637 0.926334
0.953692 0.957088 0.968255
0.930897 0.968820 0.910033
0.924850 0.878776 0.905003
0.828427 0.822945 0.815451
0.885928 0.913175 0.894383
0.869016 0.958918 0.892284
0.953672 0.985647 0.938595
0.934517 0.836036 0.952433
0.806967 0.799941 0.826144
0.960539 0.982239 0.986057
0.978613 0.974385 0.989405
0.942470 0.954052 0.925245
0.974042 0.964462 0.889170
0.980288 0.975019 0.999990
0.561923 0.558513 0.568354
0.815419 0.880232 0.899192
0.979476 0.949785 0.972228
0.908580 0.932600 0.901952
0.983148 0.991361 0.991018
0.956068 0.911668 0.956683
0.983338 0.999990 0.989992
0.999980 0.999990 0.972797
0.859632 0.828799 0.857205
0.986089 0.978169 0.988784
0.882728 0.906982 0.888129
0.955373 0.960085 0.978351
0.975729 0.983009 0.980838
0.897746 0.895019 0.884766
0.957737 0.935124 0.987684
0.963976 0.999990 0.979293
0.953588 0.929389 0.942602
0.973281 0.949619 0.968406
0.989435 0.999990 0.976905
0.972227 0.988163 0.985171
0.958387 0.978973 0.977049
0.970242 0.999990 0.992849
0.982474 0.992003 0.999162
0.939122 0.985917 0.974158
0.968346 0.997103 0.986325
0.953457 0.959381 0.957771
0.989682 0.982166 0.977931
0.952681 0.990575 0.979952
0.636885 0.644354 0.633951
0.974568 0.998661 0.991132
0.967772 0.990490 0.999990
0.955362 0.991453 0.999990
0.973753 0.968707 0.984752
0.927288 0.899964 0.919244
0.921855 0.885304 0.970558
0.999990 0.999990 0.809344
0.908121 0.949946 0.710545
0.999990 0.961886 0.901983
0.779453 0.924085 0.703247
0.294826 0.864384 0.999990
0.981323 0.999990 0.978550
0.981878 0.999990 0.978911
0.999990 0.986205 0.940316
0.999990 0.970054 0.626165
0.980934 0.999990 0.996639
0.930814 0.978806 0.999990
0.694625 0.910036 0.890213
0.999990 0.962766 0.981017
0.995843 0.999990 0.719429
0.724066 0.869739 0.897239
0.999990 0.873599 0.999990
0.952915 0.974811 0.970093
0.703226 0.350775 0.823193
0.999989 0.999990 0.897634
0.439709 0.719813 0.879360
0.981155 0.971207 0.999990
0.949960 0.989977 0.972078
0.309158 0.427872 0.999990
0.994409 0.958618 0.985411
0.817262 0.999990 0.999990
0.926988 0.252096 0.704013
0.978787 0.999673 0.993542
0.917039 0.232632 0.807178
0.643287 0.459966 0.757621
0.979918 0.990662 0.999990
0.974265 0.973510 0.854777
0.304741 0.602425 0.908764
0.999990 0.999990 0.958687
0.992712 0.999990 0.944785
0.745180 0.584283 0.999990
0.999990 0.999990 0.919542
0.647064 0.947807 0.781066
0.912782 0.790957 0.370281
0.466608 0.914121 0.889943
0.999990 0.754282 0.999990
0.931242 0.948023 0.929013
0.907812 0.898951 0.865403
0.942407 0.955326 0.925056
0.847150 0.894533 0.924410
0.918877 0.869373 0.819063
0.927402 0.894088 0.939967
0.954544 0.848351 0.968615
0.874999 0.933806 0.861096
0.855540 0.854643 0.806730
0.974711 0.954332 0.995699
0.894613 0.790906 0.891811
0.872999 0.701318 0.476887
0.820947 0.854112 0.943276
0.937663 0.977131 0.972058
0.942730 0.973405 0.929947
0.881256 0.913824 0.924516
0.907145 0.888729 0.975914
0.890306 0.951622 0.899636
0.982829 0.999990 0.991173
0.445463 0.683826 0.768398
0.650127 0.686242 0.000010
0.999990 0.999990 0.852476
0.990976 0.964542 0.990474
0.999990 0.999990 0.914915
0.840611 0.968867 0.755304
0.459814 0.857201 0.308286
0.998671 0.968433 0.883266
0.861859 0.921164 0.432127
0.999990 0.714274 0.665214
0.982441 0.702938 0.866942
0.999990 0.999990 0.625498
0.913934 0.914224 0.999990
0.707452 0.965437 0.398136
0.936868 0.999990 0.895753
0.788618 0.812951 0.848265
0.955156 0.999990 0.989305
0.982183 0.999990 0.934523
0.878010 0.301688 0.830814
0.985081 0.999990 0.999990
0.983807 0.999990 0.988794
0.984479 0.999990 0.983109
0.999990 0.999990 0.961565
0.550855 0.399382 0.619936
0.697535 0.924635 0.385182
0.983380 0.999990 0.990481
0.575695 0.205059 0.796232
0.972955 0.991302 0.999990
0.964522 0.961512 0.999990
0.964732 0.999990 0.931113
0.999990 0.999990 0.918568
0.979835 0.994529 0.999990
0.750566 0.238582 0.517739
0.999990 0.999990 0.462304
0.999990 0.999990 0.962353
0.767935 0.999990 0.388290
0.766334 0.139118 0.333335
0.922257 0.888201 0.926240
0.999990 0.999990 0.947276
0.762219 0.418201 0.784907
0.747581 0.232917 0.224783
0.976639 0.999990 0.999990
0.980200 0.994363 0.879992
0.630576 0.738609 0.581373
0.952297 0.999990 0.882071
0.999990 0.494037 0.905940
0.941426 0.966485 0.971228
0.949416 0.966103 0.999990
0.879573 0.949944 0.974618
0.844467 0.999990 0.969686
0.625520 0.400804 0.560622
0.999990 0.999990 0.945330
0.979219 0.999990 0.968342
0.459541 0.620249 0.594981
0.984975 0.977377 0.999990
0.976715 0.988696 0.972650
0.792177 0.800215 0.621472
0.999990 0.999990 0.953621
0.973460 0.996850 0.987010
0.963324 0.992215 0.945841
0.973461 0.990778 0.999360
0.563488 0.323933 0.588388
0.955802 0.832073 0.999990
0.911886 0.999990 0.893142
0.977041 0.990884 0.930425
0.986988 0.999990 0.999990
0.798806 0.105024 0.679617
0.993059 0.987057 0.969632
0.988765 0.970728 0.979703
0.999990 0.993351 0.975083
0.639649 0.468387 0.620254
0.999990 0.999990 0.943881
0.983579 0.924322 0.750054
0.896053 0.989021 0.694254
0.999990 0.999990 0.923298
0.999990 0.966214 0.420113
0.598639 0.146131 0.999990
0.907997 0.994396 0.912224
0.947517 0.999990 0.801692
0.937193 0.861733 0.993430
0.999990 0.999990 0.916205
0.999990 0.981953 0.942408
0.999990 0.992591 0.957250
0.791113 0.523117 0.000010
0.787926 0.528809 0.575809
0.868032 0.856461 0.822409
0.877285 0.904400 0.890161
0.521890 0.588395 0.469037
0.864611 0.988150 0.999990
0.947800 0.731517 0.796314
0.657970 0.361908 0.318652
0.980714 0.984906 0.999990
0.971980 0.981054 0.999990
0.969034 0.949853 0.980767
0.516398 0.493305 0.539941
0.990720 0.969604 0.986200
0.986014 0.977748 0.990047
0.981901 0.991624 0.994408
0.965036 0.970423 0.963157
0.997977 0.955962 0.947710
0.999990 0.991597 0.975310
0.999990 0.967383 0.969750
0.999990 0.981395 0.964564
0.996436 0.990087 0.971466
0.992180 0.995813 0.976068
0.816390 0.945735 0.930021
0.706761 0.311819 0.733417
0.558220 0.820249 0.292814
0.617836 0.240732 0.482313
0.973485 0.988668 0.916837
0.813086 0.968321 0.705967
0.765454 0.949862 0.699726
0.999990 0.999990 0.863091
0.846772 0.577127 0.959618
0.999990 0.926864 0.822530
0.977860 0.999990 0.592874
0.783710 0.978112 0.999990
0.967537 0.996733 0.946264
0.925498 0.936768 0.949308
0.558577 0.917110 0.217477
0.999990 0.999990 0.927546
0.724997 0.999990 0.993267
0.991632 0.776685 0.955806
0.982923 0.999990 0.965142
0.987438 0.756120 0.999990
0.462253 0.298917 0.999990
0.504789 0.839901 0.999990
0.591742 0.070405 0.749635
0.832561 0.959848 0.999990
0.723441 0.871705 0.169120
0.998500 0.990577 0.860108
0.981192 0.999990 0.988366
0.991535 0.999990 0.924562
0.943082 0.999990 0.924604
0.973011 0.975937 0.962269
0.793961 0.999990 0.938625
0.976355 0.979386 0.989706
0.958618 0.455840 0.402216
0.924016 0.965738 0.937752
0.863226 0.691977 0.999990
0.748761 0.768245 0.999990
0.865728 0.085006 0.829950
0.947866 0.999990 0.662796
0.982115 0.999990 0.999990
0.491525 0.943526 0.328008
0.953324 0.962989 0.979237
0.976922 0.994628 0.988881
0.997247 0.999990 0.901430
0.921092 0.859707 0.901550
0.978121 0.979476 0.999990
0.875387 0.842769 0.826226
0.884574 0.937653 0.824074
0.981741 0.994223 0.957055
0.865586 0.901039 0.890584
0.966629 0.963888 0.987730
0.933635 0.986755 0.951388
0.924474 0.925082 0.916580
0.887285 0.942979 0.886583
0.933468 0.896540 0.951674
0.985816 0.978784 0.976619
0.945885 0.978399 0.968775
0.994100 0.981270 0.963740
0.937774 0.883848 0.924415
0.942385 0.991313 0.965153
0.983494 0.988621 0.972921
0.954682 0.934760 0.959189
0.938933 0.926558 0.875022
0.931738 0.907907 0.970714
0.950827 0.969613 0.850786
0.880069 0.931381 0.869340
0.952129 0.936573 0.897132
0.898975 0.958373 0.976851
0.905604 0.948271 0.936315
0.961830 0.948690 0.979417
0.901463 0.769399 0.877183
0.918084 0.900719 0.835758
0.876986 0.784543 0.890150
0.886072 0.840100 0.951585
0.987410 0.926817 0.969888
0.990917 0.981977 0.950245
0.916892 0.970650 0.896932
0.938693 0.964391 0.962552
0.943101 0.972565 0.931843
0.900829 0.909730 0.906644
0.852582 0.923061 0.847789
0.958333 0.972557 0.977649
0.888400 0.923834 0.934690
0.947038 0.999990 0.970304
0.968495 0.999990 0.981539
0.906764 0.844285 0.838934
0.978083 0.970708 0.958812
0.957525 0.965615 0.950027
0.976547 0.999990 0.999990
0.921976 0.952092 0.930817
0.949700 0.937444 0.977413
0.886606 0.872357 0.870559
0.917036 0.906044 0.925279
0.980215 0.987347 0.895645
0.938684 0.963864 0.918990
0.936359 0.868189 0.875338
0.922130 0.907302 0.947463
0.874373 0.928552 0.889906
0.915753 0.955007 0.979158
0.963096 0.969925 0.996193
0.968740 0.990565 0.987265
0.930928 0.907138 0.904947
0.967937 0.988141 0.960742
0.926336 0.869479 0.942194
0.956761 0.967555 0.974355
0.963638 0.958053 0.982926
0.914138 0.969061 0.908135
0.961047 0.977784 0.924808
0.934451 0.960597 0.946808
0.850031 0.837018 0.830591
0.909776 0.932796 0.821088
0.856772 0.809305 0.818099
0.999990 0.999990 0.935044
0.409789 0.837085 0.480207
0.956223 0.947491 0.964952
0.982058 0.935237 0.991607
0.982136 0.972864 0.999990
0.550147 0.052496 0.903847
0.977842 0.999990 0.896902
0.519677 0.546322 0.521293
0.992778 0.980084 0.999990
0.966467 0.988707 0.975610
0.937285 0.982852 0.981470
0.999990 0.999990 0.946887
0.984840 0.882714 0.933988
0.878960 0.046565 0.318495
0.729846 0.948147 0.691599
0.992818 0.999990 0.995464
0.342976 0.837411 0.860053
0.962687 0.199354 0.594739
0.970906 0.953859 0.952041
0.999990 0.999990 0.940675
0.999990 0.768475 0.999990
0.618623 0.463964 0.810865
0.768197 0.957884 0.327779
0.538351 0.664020 0.375931
0.972621 0.999990 0.955621
0.821385 0.996054 0.999990
0.980834 0.999990 0.993004
0.980484 0.966351 0.999990
0.685468 0.609911 0.989864
0.966495 0.999990 0.987608
0.519552 0.862854 0.938414
0.913460 0.999990 0.941675
0.818374 0.810262 0.000010
0.970329 0.999990 0.996723
0.808713 0.999990 0.942467
0.553458 0.954797 0.999990
0.994048 0.999990 0.800993
0.979419 0.975847 0.999990
0.830481 0.055943 0.559130
0.999990 0.999990 0.909296
0.962162 0.978025 0.972402
0.999990 0.892671 0.995157
0.999990 0.952869 0.697960
0.999990 0.925942 0.929182
0.980199 0.999990 0.988614
0.788024 0.999990 0.969356
0.999990 0.999990 0.926552
0.844577 0.792798 0.933788
0.999990 0.897691 0.829774
0.993446 0.992263 0.978716
0.664835 0.441861 0.677596
0.999990 0.948836 0.739763
0.641308 0.720939 0.671349
0.878891 0.862250 0.877138
0.999990 0.984598 0.955249
0.999990 0.928606 0.922711
0.453548 0.101039 0.999990
0.930979 0.347560 0.442361
0.915987 0.893646 0.958831
0.703730 0.570819 0.045457
0.999393 0.982970 0.986527
0.972954 0.973560 0.952679
0.353980 0.621833 0.761698
0.999990 0.999990 0.899148
0.999990 0.999990 0.927595
0.980744 0.983024 0.961605
0.999990 0.942442 0.999990
0.986700 0.984737 0.974297
0.999990 0.934565 0.999990
0.999990 0.991331 0.986944
0.906664 0.944815 0.900918
0.999990 0.669662 0.961748
0.989267 0.975601 0.965634
0.455533 0.657087 0.991263
0.611131 0.625860 0.999990
0.856884 0.929527 0.998889
0.999990 0.752714 0.980237
0.959771 0.962500 0.927657
0.971897 0.967924 0.963751
0.984140 0.974368 0.998742
0.984066 0.975031 0.975303
0.842241 0.813299 0.844263
0.932146 0.965819 0.926446
0.946368 0.930922 0.987479
0.915361 0.829418 0.846008
0.958280 0.921726 0.922667
0.874902 0.844201 0.886444
0.921388 0.925189 0.942662
0.902051 0.919126 0.969734
0.958162 0.900727 0.919617
0.929783 0.941876 0.938660
0.953120 0.980370 0.964575
0.967904 0.980024 0.999990
0.979182 0.988802 0.974507
0.949305 0.993059 0.949187
0.935404 0.873124 0.885774
0.985694 0.999990 0.970738
0.959573 0.966932 0.996769
0.975764 0.999990 0.999990
0.987763 0.993784 0.991933
0.937627 0.992986 0.969045
0.972122 0.999990 0.980748
0.981173 0.999990 0.974073
0.983437 0.985725 0.974412
0.978156 0.992381 0.987483
0.977690 0.963133 0.999990
0.990375 0.982758 0.988692
0.944637 0.982307 0.976067
0.960870 0.976799 0.999047
0.987540 0.986100 0.992218
0.989173 0.982413 0.991701
0.982092 0.991232 0.972653
0.917556 0.956671 0.942911
0.972195 0.999990 0.946415
0.970003 0.999990 0.965039
0.970743 0.999990 0.990756
0.998284 0.992591 0.955584
0.968103 0.986511 0.990906
0.923810 0.949635 0.952662
0.904310 0.900521 0.849772
0.967045 0.945682 0.972940
0.981419 0.983996 0.977874
0.951777 0.927374 0.924580
0.966637 0.971873 0.971977
0.988173 0.964040 0.973395
0.888191 0.835613 0.829963
0.953427 0.980703 0.937390
0.887055 0.940037 0.887865
0.986623 0.990636 0.988615
0.989222 0.978284 0.909771
0.927490 0.927369 0.950033
0.974473 0.983836 0.965276
0.937447 0.944755 0.961896
0.969950 0.983755 0.989268
0.928658 0.939360 0.999990
0.991989 0.983046 0.983460
0.955769 0.973073 0.987763
0.949682 0.960536 0.956192
0.961894 0.970143 0.997989
0.945353 0.977886 0.971484
0.945456 0.993334 0.999990
0.897984 0.896371 0.909000
0.794225 0.908631 0.991462
0.813468 0.480708 0.828385
0.999990 0.999990 0.941916
0.586589 0.904134 0.515964
0.983956 0.993534 0.968115
0.954045 0.967358 0.980097
0.963850 0.966469 0.975976
0.979055 0.999990 0.959705
0.925916 0.893540 0.999990
0.972040 0.972476 0.976888
0.338398 0.491295 0.931591
0.742838 0.295123 0.313533
0.999990 0.849482 0.924368
0.993687 0.978114 0.970000
0.697772 0.925962 0.939141
0.999990 0.999990 0.955305
0.999990 0.999990 0.817592
0.965557 0.999990 0.999990
0.752876 0.290756 0.456386
0.536616 0.409024 0.795330
0.993459 0.999990 0.815052
0.999990 0.583713 0.999990
0.839508 0.952922 0.999990
0.971908 0.999990 0.999990
0.916582 0.999990 0.982588
0.980624 0.999990 0.995430
0.983602 0.994793 0.999990
0.979442 0.973830 0.968838
0.987290 0.971515 0.877496
0.460073 0.609879 0.977127
0.930367 0.941775 0.931180
0.701222 0.109509 0.476148
0.972578 0.999990 0.969605
0.968710 0.950304 0.996612
0.986673 0.984194 0.983508
0.994579 0.999990 0.962472
0.970328 0.930133 0.991434
0.970843 0.999990 0.966468
0.982733 0.980349 0.987820
0.978336 0.987041 0.993499
0.973575 0.971349 0.978819
0.930296 0.906411 0.955357
0.961581 0.973156 0.969248
0.976260 0.973698 0.985450
0.902622 0.919759 0.909728
0.977704 0.976480 0.987485
0.942524 0.962116 0.934178
0.928263 0.895346 0.952841
0.976779 0.999990 0.988619
0.937133 0.899962 0.922647
0.723726 0.474830 0.917853
0.506945 0.516311 0.535596
0.978411 0.999990 0.999479
0.918621 0.925888 0.950682
0.767324 0.774375 0.814451
0.854185 0.937921 0.933161
0.940379 0.987332 0.973812
0.913511 0.861764 0.891868
0.986571 0.986270 0.997060
0.978123 0.999990 0.999990
0.957372 0.999990 0.934218
0.986328 0.967267 0.981959
0.954190 0.999990 0.962730
0.939472 0.978001 0.970758
0.979939 0.938755 0.978142
0.872074 0.905284 0.825182
0.987783 0.999990 0.977022
0.959359 0.973442 0.950661
0.981875 0.999990 0.990242
0.973614 0.999990 0.994460
0.962641 0.954606 0.977594
0.810017 0.819131 0.799225
0.953306 0.938816 0.965932
0.610478 0.623634 0.514801
0.994412 0.984256 0.972764
0.977704 0.987985 0.978905
0.983851 0.985403 0.995638
0.976970 0.980513 0.999990
0.931532 0.940462 0.941681
0.974024 0.976688 0.975404
0.984973 0.986888 0.986224
0.983124 0.979826 0.995095
0.906294 0.990629 0.886887
0.981395 0.999990 0.992765
0.989780 0.987764 0.981794
0.975089 0.956929 0.999990
0.940055 0.974369 0.955176
0.984495 0.964618 0.980711
0.981564 0.943928 0.986816
0.960750 0.969637 0.988932
0.952765 0.987037 0.981503
0.987630 0.982048 0.990445
0.942564 0.973054 0.978785
0.984983 0.975351 0.965494
0.970563 0.961794 0.999990
0.950762 0.942819 0.972758
0.938231 0.957603 0.956362
0.975246 0.945512 0.999990
0.962520 0.963587 0.939418
0.948162 0.947056 0.968862
0.950392 0.975787 0.952062
0.973608 0.961685 0.986162
0.847697 0.816764 0.887007
0.986216 0.999990 0.981898
0.989284 0.987071 0.983339
0.984532 0.999990 0.985752
0.961013 0.954787 0.998417
0.977412 0.995793 0.990678
0.975081 0.951332 0.947010
0.989767 0.985772 0.990179
0.978686 0.964532 0.991275
0.984635 0.972543 0.972810
0.967157 0.984016 0.968974
0.886677 0.915156 0.934846
0.913613 0.869897 0.845130
0.935278 0.904764 0.961598
0.969990 0.976122 0.981972
0.921677 0.892188 0.906503
0.921722 0.901594 0.893341
0.834059 0.786294 0.825519
0.954142 0.999990 0.966595
0.981290 0.977891 0.986211
0.982589 0.950644 0.987212
0.890563 0.888666 0.881966
0.951288 0.982352 0.966265
0.996013 0.946226 0.973795
0.982535 0.974906 0.992519
0.993382 0.989751 0.971755
0.946173 0.960503 0.999990
0.987166 0.999990 0.972131
0.996932 0.936691 0.999990
0.978234 0.999990 0.999990
0.959269 0.999990 0.979239
0.983898 0.999990 0.979623
0.901013 0.930849 0.930164
0.927316 0.897046 0.920885
0.963908 0.970961 0.973520
0.999990 0.993895 0.909058
0.879696 0.962355 0.000010
0.946709 0.523069 0.896404
0.987206 0.946721 0.987213
0.950990 0.964619 0.949005
0.923463 0.963909 0.941031
0.992340 0.999990 0.941524
0.904641 0.939742 0.920482
0.986917 0.999990 0.975418
0.975475 0.990526 0.978424
0.892481 0.961265 0.927279
0.975566 0.991483 0.999990
0.963030 0.985826 0.986931
0.966415 0.999990 0.950273
0.707803 0.101910 0.753679
0.941598 0.907353 0.968559
0.936011 0.930442 0.945899
0.970719 0.499585 0.830872
0.999990 0.725698 0.986033
0.999990 0.738004 0.999990
0.833965 0.581419 0.999990
0.591582 0.738224 0.225043
0.617842 0.525041 0.447378
0.770173 0.999990 0.848811
0.394125 0.956708 0.859664
0.944785 0.820858 0.999990
0.942695 0.733347 0.999990
0.370858 0.998435 0.447727
0.977106 0.950451 0.989017
0.936016 0.999990 0.426996
0.865787 0.568000 0.978273
0.939280 0.961180 0.958397
0.985154 0.976691 0.999990
0.974575 0.968314 0.992889
0.965629 0.999990 0.920587
0.623508 0.391217 0.933609
0.940164 0.646172 0.771534
0.983665 0.974540 0.995061
0.999990 0.999990 0.797482
0.976298 0.989114 0.990159
0.962795 0.977764 0.955310
0.990109 0.999990 0.979938
0.979858 0.999990 0.981981
0.991706 0.648517 0.951032
0.581908 0.442085 0.382900
0.999990 0.967625 0.553734
0.964739 0.989934 0.982687
0.929386 0.999990 0.985292
0.471569 0.755726 0.804620
0.962422 0.976347 0.930255
0.868203 0.944475 0.888053
0.967273 0.974469 0.999990
0.933770 0.899593 0.953375
0.936909 0.942439 0.961693
0.961883 0.940674 0.917338
0.954072 0.987693 0.937698
0.938631 0.954890 0.899272
0.980856 0.988533 0.965511
0.936537 0.949404 0.932445
0.958120 0.911325 0.913505
0.892257 0.927788 0.898648
0.965798 0.964222 0.957723
0.914021 0.937980 0.881574
0.970831 0.999990 0.992254
0.965089 0.996667 0.999990
0.943529 0.946322 0.930014
0.948091 0.751639 0.999990
0.693395 0.999990 0.999990
0.991980 0.792620 0.999990
0.957906 0.755619 0.813559
0.999990 0.451698 0.536677
0.520545 0.621172 0.550932
0.978596 0.979132 0.997439
0.932721 0.797282 0.999990
0.999990 0.630538 0.941524
0.600873 0.256271 0.725365
0.999990 0.999990 0.652843
0.987005 0.999990 0.973855
0.999990 0.531662 0.746528
0.872117 0.570919 0.374620
0.996704 0.826150 0.892700
0.953601 0.879919 0.908307
0.999990 0.686218 0.999990
0.925639 0.987967 0.620478
0.990963 0.999990 0.999990
0.693214 0.086179 0.713855
0.640252 0.964824 0.064159
0.900968 0.729410 0.999990
0.757662 0.224303 0.746263
0.812732 0.899791 0.999990
0.630093 0.701387 0.802230
0.999990 0.999990 0.916208
0.795109 0.729362 0.436771
0.752664 0.448740 0.999990
0.631754 0.999990 0.993310
0.831992 0.999990 0.649746
0.992407 0.978251 0.999990
0.445082 0.450971 0.913921
0.424936 0.286896 0.964313
0.802914 0.838302 0.962429
0.900455 0.999990 0.917138
0.791733 0.945552 0.921791
0.923622 0.999990 0.999990
0.989532 0.991402 0.977167
0.973324 0.999990 0.999990
0.842009 0.864041 0.834547
0.529034 0.645595 0.697958
0.797353 0.806065 0.693843
0.560206 0.522816 0.562392
0.904350 0.999990 0.591870
0.794891 0.697610 0.437568
0.969608 0.999990 0.994023
0.999990 0.999990 0.955964
0.999989 0.999990 0.943738
0.883260 0.613951 0.655470
0.795578 0.775800 0.999990
0.837262 0.787496 0.999990
0.971956 0.996905 0.929659
0.754532 0.504110 0.786651
0.889128 0.890744 0.867110
0.968896 0.988522 0.955251
0.913467 0.964225 0.949690
0.922071 0.954242 0.966978
0.981861 0.971477 0.996835
0.861589 0.911679 0.862737
0.867666 0.848322 0.926401
0.877957 0.867160 0.857497
0.825057 0.810598 0.811605
0.915695 0.948915 0.937123
0.882650 0.897280 0.951436
0.917970 0.940449 0.971356
0.931340 0.969652 0.888521
0.909182 0.930550 0.945929
0.734924 0.755532 0.745770
0.932672 0.773542 0.872415
0.898285 0.920504 0.870030
0.931476 0.921063 0.937441
0.888558 0.756213 0.892304
0.922672 0.890834 0.808357
0.824785 0.999990 0.706679
0.903751 0.916596 0.675433
0.450709 0.493271 0.713070
0.983848 0.999990 0.918886
0.519145 0.999990 0.560327
0.999990 0.805995 0.978944
0.768341 0.809181 0.171480
0.813541 0.746405 0.999990
0.994595 0.990254 0.968416
0.981360 0.999990 0.990475
0.896057 0.999990 0.877122
0.989418 0.999990 0.957882
0.984408 0.999990 0.965516
0.632553 0.842872 0.431067
0.963955 0.934156 0.837299
0.524779 0.905640 0.809931
0.884389 0.573377 0.628975
0.996599 0.990050 0.750139
0.455482 0.786639 0.504932
0.978656 0.951917 0.964967
0.948332 0.948618 0.958986
0.459158 0.962485 0.678452
0.999989 0.999990 0.940777
0.449148 0.891934 0.980564
0.843309 0.999990 0.444851
0.951965 0.963507 0.979328
0.913066 0.900895 0.927012
0.898249 0.939348 0.867916
0.972186 0.971780 0.986679
0.845881 0.860083 0.906504
0.999489 0.991980 0.974775
0.989297 0.999990 0.964465
0.897916 0.918167 0.899930
0.978338 0.982352 0.977226
0.979746 0.999990 0.972457
0.989267 0.999990 0.977592
0.825397 0.781878 0.812671
0.902301 0.929977 0.880074
0.974611 0.990396 0.972139
0.986305 0.999990 0.997561
0.988470 0.992181 0.952552
0.935704 0.980120 0.928793
0.981771 0.999990 0.967900
0.976034 0.946895 0.918976
0.963849 0.981812 0.990481
0.939048 0.981652 0.986886
0.954241 0.982165 0.971936
0.903977 0.977029 0.950522
0.976474 0.952487 0.999990
0.981609 0.971598 0.992298
0.952632 0.952862 0.933619
0.981618 0.990607 0.968916
0.984352 0.999990 0.981563
0.949995 0.960093 0.958858
0.888348 0.963807 0.960346
0.958383 0.982856 0.974211
0.949644 0.942081 0.954857
0.996793 0.976405 0.960474
0.975442 0.982783 0.976096
0.938707 0.933534 0.926417
0.987281 0.984686 0.954561
0.890278 0.974577 0.926911
0.976135 0.982323 0.960914
0.821414 0.115201 0.768764
0.999990 0.994631 0.947537
0.798927 0.988619 0.658669
0.309421 0.584779 0.999990
0.983271 0.999990 0.987938
0.995793 0.999990 0.964480
0.993845 0.999990 0.969228
0.982972 0.980439 0.996126
0.991632 0.979465 0.814685
0.963735 0.906103 0.496834
0.818874 0.999990 0.576644
0.996096 0.999990 0.890064
0.793899 0.563781 0.870619
0.999990 0.999990 0.951958
0.800524 0.663604 0.051042
0.761874 0.632360 0.999990
0.999990 0.917315 0.736718
0.985828 0.986511 0.999990
0.990809 0.999990 0.969136
0.974871 0.999990 0.980991
0.563863 0.922595 0.119718
0.999990 0.999990 0.945074
0.881033 0.072970 0.985217
0.999989 0.999990 0.933894
0.955301 0.822930 0.781078
0.973259 0.952450 0.906953
0.344958 0.973275 0.999990
0.861885 0.778180 0.999990
0.962047 0.975444 0.997535
0.964577 0.938818 0.985889
0.974986 0.930934 0.944990
0.979569 0.979658 0.967745
0.973144 0.929731 0.952624
0.972161 0.986358 0.986986
0.692921 0.148235 0.486575
0.995309 0.991011 0.926476
0.988428 0.996428 0.971691
0.990084 0.999990 0.960274
0.527768 0.340013 0.998130
0.611972 0.564237 0.999990
0.988617 0.974121 0.740623
0.980919 0.999990 0.948318
0.959871 0.986430 0.999990
0.654272 0.958203 0.874190
0.639441 0.663911 0.776550
0.689745 0.659909 0.429866
0.982236 0.999990 0.880161
0.956462 0.999990 0.814682
0.953269 0.951723 0.969215
0.985300 0.999990 0.999990
0.598140 0.970077 0.923602
0.675362 0.597276 0.060079
0.977848 0.998434 0.987937
0.944148 0.965320 0.929623
0.988944 0.989300 0.977420
0.990499 0.956718 0.981353
0.998448 0.975325 0.967789
0.987742 0.999990 0.985074
0.995187 0.980145 0.985601
0.984677 0.986106 0.990271
0.981562 0.983846 0.999990
0.803800 0.513193 0.742152
0.647723 0.484049 0.738397
0.982246 0.999990 0.999925
0.979697 0.999990 0.991112
0.994906 0.982171 0.936981
0.492256 0.255138 0.886557
0.888510 0.928214 0.999990
0.978181 0.999990 0.999990
0.784243 0.978441 0.967926
0.981570 0.990491 0.999990
0.962475 0.999990 0.823498
0.976642 0.999990 0.962277
0.653325 0.481806 0.463211
0.984058 0.981597 0.993657
0.957866 0.965028 0.915996
0.953901 0.999990 0.772014
0.581802 0.094162 0.999990
0.593751 0.636532 0.998342
0.994640 0.992819 0.978102
0.832307 0.999990 0.929766
0.630174 0.909597 0.314711
0.999990 0.999990 0.893938
0.999990 0.838306 0.981679
0.999990 0.999990 0.950918
0.594033 0.780424 0.118236
0.978246 0.993467 0.995654
0.977420 0.999990 0.992946
0.760910 0.970728 0.528185
0.586601 0.169826 0.999990
0.999990 0.964795 0.748205
0.670723 0.619693 0.797039
0.689585 0.782563 0.999990
0.999990 0.992075 0.937466
0.490118 0.359559 0.918363
0.999990 0.995054 0.920640
0.986720 0.831255 0.172446
0.989534 0.991061 0.974899
0.633116 0.840849 0.999990
0.883999 0.442215 0.906961
0.971352 0.977751 0.986136
0.973300 0.937711 0.964111
0.999990 0.999990 0.954812
0.965796 0.983347 0.924914
0.971346 0.999990 0.996287
0.993128 0.971892 0.962956
0.828128 0.895130 0.967698
0.999990 0.900485 0.882149
0.969995 0.957859 0.982395
0.728245 0.952206 0.257685
0.954715 0.969104 0.977920
0.957772 0.999990 0.828893
0.606472 0.096292 0.844878
0.994538 0.999990 0.904542
0.999990 0.999990 0.943503
0.786088 0.890267 0.999990
0.981039 0.984389 0.992018
0.964493 0.956120 0.898496
0.975835 0.999990 0.999990
0.994820 0.999990 0.984103
0.644136 0.174972 0.962155
0.786254 0.452949 0.976642
0.815652 0.045558 0.584117
0.479035 0.535469 0.856584
0.999990 0.999990 0.885780
0.578580 0.024348 0.809061
0.457529 0.394593 0.900169
0.560612 0.999990 0.999990
0.966366 0.961770 0.919382
0.999990 0.820949 0.876299
0.969276 0.980812 0.967509
0.325153 0.920781 0.587685
0.578266 0.234813 0.578267
0.979494 0.999990 0.968643
0.697565 0.120757 0.882558
0.975640 0.999990 0.999990
0.999990 0.921106 0.999990
0.853848 0.888778 0.715279
0.913205 0.963502 0.987183
0.919185 0.869451 0.906480
0.930394 0.950678 0.871187
0.946095 0.893287 0.982833
0.796008 0.714457 0.830683
0.807210 0.865251 0.783234
0.940916 0.940177 0.940815
0.929576 0.915397 0.935539
0.913877 0.887112 0.870207
0.571725 0.702816 0.523561
0.921557 0.844141 0.898275
0.949409 0.941930 0.918864
0.924256 0.919898 0.958584
0.940719 0.964672 0.950700
0.979085 0.985662 0.963363
0.977549 0.999990 0.968186
0.985294 0.999990 0.971341
0.989136 0.990282 0.971119
0.994783 0.999990 0.963982
0.979565 0.966100 0.985672
0.902956 0.959926 0.929844
0.746087 0.747213 0.744045
0.926454 0.931193 0.963088
0.982171 0.975326 0.978864
0.966974 0.981884 0.966262
0.979804 0.952865 0.928186
0.926234 0.966153 0.913630
0.983992 0.964232 0.991120
0.872439 0.898657 0.892968
0.986387 0.999990 0.977945
0.942841 0.952031 0.982795
0.948957 0.972548 0.959227
0.952244 0.983874 0.929871
0.978531 0.983647 0.995599
0.933273 0.963735 0.929414
0.968444 0.999990 0.978551
0.920890 0.893545 0.942727
0.883118 0.849129 0.913525
0.918683 0.957502 0.912808
0.978242 0.999990 0.955871
0.948855 0.981622 0.995192
0.948788 0.977112 0.975176
0.879954 0.921075 0.934947
0.939665 0.944405 0.947000
0.950181 0.901146 0.897656
0.963719 0.972996 0.951299
0.962368 0.999990 0.961446
0.927768 0.912652 0.916538
0.898361 0.879097 0.889540
0.989192 0.987600 0.973146
0.897056 0.918334 0.960701
0.967135 0.966931 0.964769
0.900188 0.829466 0.858694
0.973422 0.989774 0.968713
0.988822 0.967434 0.998045
0.985040 0.976340 0.995955
0.980522 0.992776 0.939214
0.954798 0.976946 0.987769
0.428743 0.902019 0.609214
0.932256 0.968352 0.965898
0.976602 0.982371 0.999990
0.894517 0.925960 0.926270
0.967189 0.952609 0.988395
0.915313 0.881387 0.886271
0.892730 0.911381 0.909217
0.884876 0.904296 0.898927
0.916543 0.939157 0.959347
0.979396 0.986935 0.989411
0.966850 0.943697 0.919517
0.991768 0.964907 0.930707
0.947857 0.943272 0.945537
0.983914 0.978416 0.952552
0.947652 0.910763 0.950310
0.923374 0.952665 0.896763
0.486236 0.919531 0.368456
0.983274 0.976452 0.824212
0.999990 0.897909 0.752563
0.999990 0.999990 0.916533
0.842687 0.740432 0.690258
0.974682 0.985836 0.999990
0.954982 0.999990 0.990849
0.953583 0.977687 0.347781
0.976543 0.984101 0.972799
0.644439 0.815460 0.576290
0.926316 0.973600 0.252739
0.940811 0.999990 0.811867
0.930471 0.953803 0.925609
0.940634 0.936121 0.897593
0.939371 0.954419 0.940713
0.905204 0.943472 0.884759
0.945703 0.948141 0.946287
0.893437 0.910801 0.896623
0.972968 0.970537 0.930304
0.975250 0.999990 0.969896
0.967828 0.943343 0.999990
0.984566 0.976556 0.976899
0.906114 0.915413 0.885913
0.974085 0.968306 0.999990
0.904555 0.834828 0.952140
0.956066 0.999990 0.969854
0.926442 0.982062 0.980531
0.966134 0.965036 0.935974
0.948973 0.948616 0.966804
0.982817 0.912048 0.974879
0.830410 0.866965 0.797679
0.910592 0.854334 0.851702
0.892541 0.958301 0.850444
0.933034 0.955944 0.937045
0.933065 0.973045 0.936777
0.943819 0.960229 0.976119
0.971425 0.939254 0.957201
0.952620 0.890488 0.939471
0.957563 0.959518 0.926619
0.888466 0.904919 0.966572
0.829430 0.853359 0.891660
0.854931 0.861214 0.891651
0.873570 0.860986 0.907818
0.982197 0.991148 0.999990
0.913698 0.928358 0.941178
0.955965 0.970886 0.960012
0.987318 0.984657 0.973038
0.932111 0.913361 0.897780
0.877800 0.860848 0.942950
0.971958 0.991371 0.988807
0.865946 0.890138 0.896785
0.963420 0.997151 0.989877
0.889141 0.945778 0.899714
0.965558 0.970843 0.965668
0.967408 0.999990 0.985082
0.961412 0.974435 0.999990
0.970601 0.991543 0.984874
0.976421 0.999990 0.991956
0.989674 0.989862 0.963096
0.977460 0.999990 0.982712
0.891921 0.887280 0.950528
0.964637 0.977887 0.971764
0.961059 0.992088 0.993837
0.998130 0.999990 0.971612
0.989606 0.998592 0.984788
0.686696 0.726153 0.712628
0.984652 0.991825 0.955580
0.976146 0.999990 0.980380
0.999990 0.999990 0.968166
0.889792 0.954413 0.860468
0.939675 0.572704 0.605934
0.672514 0.874775 0.860033
0.981675 0.999990 0.990965
0.972384 0.981382 0.999990
0.999990 0.999990 0.715858
0.652828 0.605951 0.763103
0.827108 0.735448 0.818054
0.999990 0.999990 0.918346
0.995739 0.954177 0.969839
0.702720 0.999990 0.851476
0.999296 0.999990 0.882320
0.537271 0.371921 0.755516
0.943556 0.899594 0.902029
0.944112 0.360817 0.482584
0.714469 0.710511 0.999990
0.987820 0.991663 0.855493
0.999990 0.984816 0.950492
0.910749 0.999990 0.935634
0.965224 0.999990 0.980663
0.913671 0.896927 0.906453
0.924227 0.974289 0.999990
0.999990 0.893380 0.999990
0.852973 0.970349 0.999990
0.985079 0.999990 0.999990
0.943453 0.999990 0.999990
0.976710 0.999990 0.999990
0.934580 0.965509 0.935941
0.985008 0.964896 0.975012
0.983872 0.982026 0.999990
0.986992 0.980509 0.999990
0.920372 0.978120 0.934196
0.939829 0.989567 0.953144
0.988207 0.999990 0.999990
0.984176 0.982995 0.997067
0.978437 0.999990 0.995549
0.985877 0.962096 0.984802
0.960940 0.973822 0.991068
0.963226 0.960375 0.919472
0.942909 0.953295 0.924680
0.978026 0.999990 0.990042
0.986590 0.999990 0.977760
0.938431 0.988031 0.950944
0.971956 0.999990 0.971013
0.986266 0.981739 0.999990
0.980721 0.988617 0.999990
0.992135 0.999990 0.974180
0.576533 0.669286 0.283173
0.997367 0.999990 0.915357
0.992917 0.566684 0.000010
0.999990 0.483338 0.806990
0.900717 0.836078 0.875740
0.999990 0.965532 0.977290
0.877984 0.582499 0.386653
0.969816 0.957031 0.967034
0.980830 0.980398 0.999990
0.712287 0.987408 0.999990
0.959843 0.979449 0.946656
0.915502 0.947777 0.970199
0.778266 0.787726 0.822153
0.717266 0.369477 0.687371
0.999990 0.999990 0.807096
0.980856 0.999990 0.960956
0.699065 0.999990 0.382735
0.972505 0.981668 0.995619
0.999990 0.924745 0.750160
0.718387 0.419533 0.938085
0.999990 0.999900 0.887034
0.973713 0.982517 0.999990
0.973691 0.999990 0.976082
0.650740 0.378547 0.829487
0.888236 0.834906 0.918326
0.975736 0.908205 0.955835
0.995954 0.999990 0.657390
0.779372 0.940719 0.151304
0.700036 0.270773 0.341732
0.979077 0.982904 0.946568
0.970738 0.982715 0.999990
0.999990 0.979625 0.949813
0.866186 0.722032 0.938361
0.914034 0.917820 0.973627
0.694039 0.302052 0.680143
0.983581 0.999990 0.995570
0.970655 0.981279 0.939381
0.963055 0.990234 0.966677
0.972183 0.977452 0.999990
0.999990 0.956606 0.938565
0.934656 0.999990 0.686472
0.931614 0.993120 0.999990
0.986405 0.990330 0.982103
0.999990 0.999990 0.887945
0.899611 0.999990 0.999990
0.938635 0.999990 0.899642
0.710142 0.663223 0.000010
0.970485 0.999990 0.999990
0.984986 0.384967 0.232993
0.999990 0.999990 0.947505
0.679898 0.966785 0.688007
0.992395 0.957417 0.957065
0.986070 0.992348 0.925845
0.908327 0.959036 0.968241
0.920724 0.970533 0.887074
0.931561 0.924930 0.917814
0.979559 0.986266 0.974938
0.979318 0.994675 0.931382
0.948259 0.873256 0.963341
0.981720 0.950679 0.993755
0.937148 0.932426 0.980781
0.977565 0.994235 0.987139
0.952459 0.943882 0.959581
0.947112 0.965181 0.967528
0.960766 0.971860 0.961668
0.951091 0.935442 0.962477
0.941985 0.986153 0.982532
0.985889 0.899466 0.977315
0.931071 0.969894 0.939025
0.953815 0.959668 0.980003
0.990531 0.963901 0.999990
0.994064 0.983536 0.999990
0.466220 0.668370 0.525698
0.979631 0.858308 0.941391
0.708334 0.899995 0.000010
0.988068 0.990922 0.964936
0.971925 0.999990 0.743038
0.999990 0.745263 0.999990
0.999990 0.316143 0.584501
0.818998 0.914515 0.998916
0.720240 0.158279 0.740552
0.333622 0.941578 0.768008
0.999990 0.999990 0.953426
0.983191 0.995184 0.999990
0.999990 0.999990 0.927056
0.920300 0.999905 0.999990
0.635004 0.041328 0.693459
0.802075 0.999990 0.999990
0.993841 0.999990 0.999990
0.964856 0.999990 0.954079
0.845722 0.950244 0.749705
0.935899 0.381630 0.652137
0.999990 0.981462 0.957176
0.978691 0.922395 0.943190
0.999990 0.996094 0.914239
0.990873 0.992978 0.991461
0.833768 0.289402 0.000010
0.987600 0.999990 0.978271
0.975401 0.999990 0.999990
0.978850 0.999990 0.663365
0.954980 0.999990 0.999990
0.686147 0.353559 0.714035
0.851546 0.999990 0.164627
0.943909 0.946146 0.943017
0.861248 0.928316 0.890997
0.999990 0.991195 0.892407
0.989923 0.997525 0.990360
0.541809 0.686606 0.625233
0.552306 0.568386 0.806982
0.493176 0.501771 0.538505
0.963767 0.724520 0.799008
0.523967 0.911176 0.056102
0.721862 0.857973 0.999990
0.592456 0.535943 0.809179
0.488176 0.564755 0.532153
0.976610 0.934633 0.974730
0.961475 0.960891 0.954527
0.978644 0.983397 0.985198
0.999990 0.999990 0.939565
0.762799 0.916175 0.470293
0.429900 0.999990 0.807279
0.788194 0.890381 0.683017
0.958629 0.954316 0.934737
0.853652 0.881730 0.973944
0.859426 0.850855 0.932659
0.899581 0.873931 0.951157
0.905772 0.877998 0.944081
0.971623 0.954688 0.966764
0.941986 0.929331 0.939266
0.941804 0.829809 0.887671
0.912837 0.997549 0.893708
0.925421 0.880264 0.920375
0.953922 0.912227 0.904884
0.889702 0.862975 0.973458
0.962475 0.909943 0.988515
0.724346 0.314461 0.999990
0.939920 0.967077 0.999990
0.999990 0.999990 0.879740
0.979933 0.991569 0.999990
0.977629 0.999990 0.999990
0.975341 0.993601 0.947944
0.973678 0.936345 0.999990
0.809368 0.411408 0.999990
0.731305 0.977198 0.674027
0.963202 0.958648 0.942962
0.999990 0.999990 0.902393
0.999990 0.999990 0.946791
0.659072 0.467146 0.334319
0.763215 0.853935 0.563917
0.999990 0.999990 0.940175
0.972382 0.999990 0.967615
0.584045 0.956693 0.830787
0.970331 0.999990 0.936056
0.999990 0.999990 0.948403
0.929239 0.764818 0.940634
0.878942 0.999990 0.922791
0.912564 0.801369 0.951049
0.790374 0.754537 0.722807
0.999990 0.855000 0.994332
0.981669 0.999990 0.999990
0.575439 0.952187 0.431533
0.950429 0.987436 0.930357
0.999990 0.999990 0.834601
0.932410 0.953988 0.863644
0.629034 0.928378 0.286236
0.999990 0.999990 0.914070
0.986974 0.972351 0.991182
0.886410 0.999990 0.792981
0.988450 0.949768 0.999990
0.999990 0.768865 0.999990
0.707389 0.709674 0.806863
0.999990 0.672694 0.702962
0.769213 0.472294 0.999990
0.959580 0.999990 0.988060
0.982413 0.999990 0.987947
0.784955 0.148171 0.293115
0.999990 0.964016 0.902028
0.693643 0.533462 0.504110
0.999990 0.981914 0.954139
0.951349 0.913756 0.847782
0.968656 0.923527 0.948357
0.979318 0.921918 0.902312
0.996462 0.953906 0.952734
0.982368 0.929569 0.880141
0.999990 0.910458 0.939250
0.993719 0.943317 0.954232
0.975010 0.970940 0.860477
0.978631 0.955252 0.895634
0.986682 0.933807 0.986608
0.989344 0.931837 0.921800
0.977700 0.899981 0.925496
0.993873 0.976472 0.990878
0.973574 0.923414 0.929558
0.969189 0.901528 0.959972
0.975632 0.946906 0.963238
0.973603 0.933412 0.942532
0.865759 0.632987 0.122860
0.668432 0.466955 0.344922
0.927680 0.987713 0.965946
0.658481 0.687193 0.999990
0.916297 0.990655 0.998545
0.812180 0.996535 0.962060
0.951525 0.999990 0.999990
0.999990 0.999990 0.966138
0.390131 0.999990 0.497437
0.898469 0.999990 0.946132
0.525104 0.550758 0.552055
0.993680 0.968721 0.999990
0.957066 0.957040 0.905661
0.945529 0.974525 0.960747
0.633825 0.346420 0.415641
0.989310 0.979436 0.999990
0.977888 0.999990 0.992164
0.999990 0.999990 0.948226
0.798954 0.850133 0.987883
0.351962 0.999990 0.999990
0.907239 0.954651 0.954704
0.999990 0.977133 0.978926
0.975018 0.999990 0.975752
0.550697 0.226534 0.976841
0.955799 0.999990 0.839289
0.982726 0.982910 0.999990
0.971322 0.958723 0.979555
0.984974 0.999286 0.988083
0.988635 0.984075 0.992405
0.994230 0.942641 0.994393
0.987587 0.961752 0.999990
0.989226 0.965350 0.999990
0.996714 0.964450 0.957658
0.426502 0.719923 0.506674
0.988320 0.942973 0.994020
0.967229 0.953352 0.973332
0.960868 0.999990 0.963723
0.979571 0.986319 0.998092
0.951126 0.997135 0.961890
0.980908 0.987571 0.975213
0.979082 0.983189 0.982667
0.976870 0.999990 0.992760
0.987905 0.982741 0.983067
0.978548 0.979702 0.974007
0.968267 0.989098 0.975813
0.965999 0.999990 0.984366
0.966833 0.980548 0.985798
0.991866 0.917193 0.976670
0.984059 0.953922 0.963496
0.969771 0.970490 0.999990
0.999094 0.959640 0.983871
0.980022 0.963243 0.996425
0.993103 0.889285 0.996638
0.986142 0.927196 0.999990
0.978734 0.973128 0.971994
0.985338 0.990405 0.988351
0.991546 0.968432 0.992957
0.976671 0.930212 0.985815
0.999990 0.955584 0.594917
0.999990 0.999990 0.943156
0.960291 0.986473 0.953280
0.976184 0.999990 0.999990
0.879229 0.495429 0.256333
0.784652 0.084102 0.454408
0.923509 0.999990 0.932245
0.987899 0.999990 0.885196
0.968277 0.946450 0.929690
0.982859 0.999990 0.987657
0.570046 0.943650 0.722158
0.993747 0.983582 0.969718
0.910441 0.999990 0.505438
0.978963 0.969170 0.938454
0.829473 0.858124 0.999990
0.991820 0.980066 0.984255
0.622344 0.209417 0.720915
0.982281 0.962711 0.967612
0.992525 0.978822 0.962119
0.907024 0.686631 0.853208
0.988467 0.981478 0.997235
0.972350 0.984265 0.999990
0.654426 0.893007 0.452242
0.996185 0.988361 0.914938
0.888895 0.977351 0.999990
0.873917 0.941077 0.907347
0.584858 0.506876 0.540089
0.999990 0.999990 0.926255
0.662874 0.704513 0.845465
0.998170 0.991032 0.947934
0.779417 0.594262 0.609409
0.882133 0.892368 0.980623
0.939581 0.959936 0.997592
0.881901 0.855803 0.705721
0.919108 0.519554 0.366223
0.988879 0.991247 0.982109
0.999990 0.999990 0.942292
0.352958 0.825504 0.999990
0.984937 0.414679 0.917487
0.954690 0.999990 0.796786
0.986084 0.993301 0.980655
0.972059 0.994720 0.931708
0.971926 0.976820 0.994606
0.986843 0.976910 0.958717
0.935721 0.930590 0.971592
0.817891 0.649187 0.730502
0.971428 0.999990 0.958249
0.933243 0.932399 0.899278
0.597963 0.504823 0.514997
0.754231 0.707090 0.682083
0.916691 0.916362 0.837313
0.976813 0.999990 0.978242
0.715290 0.645267 0.682924
0.978655 0.999990 0.984750
0.967444 0.999990 0.999990
0.973107 0.999990 0.976181
0.967675 0.999990 0.999990
0.986806 0.991527 0.986547
0.985075 0.991422 0.947547
0.840247 0.841154 0.859353
0.556351 0.480983 0.554521
0.811745 0.814541 0.861656
0.984010 0.991903 0.934828
0.905882 0.886173 0.853823
0.978600 0.985294 0.954018
0.908737 0.908186 0.923567
0.880417 0.930788 0.912508
0.990762 0.999990 0.970775
0.976631 0.999990 0.992306
0.971411 0.999990 0.986812
0.999990 0.999990 0.943991
0.962052 0.991014 0.999990
0.984510 0.773956 0.638964
0.925385 0.999990 0.894059
0.521514 0.989716 0.783629
