0.942042 0.812695 0.951157 0.831559 0.822478
0.923320 0.961592 0.924478 0.973129 0.899359
0.711347 0.171787 0.694625 0.984265 0.999990
0.853456 0.890624 0.868059 0.999990 0.871434
0.885464 0.805030 0.886545 0.883556 0.853695
0.959297 0.851952 0.923431 0.971467 0.887262
0.753468 0.642507 0.816447 0.946579 0.775418
0.974896 0.999990 0.873837 0.999990 0.722684
0.627212 0.999990 0.410716 0.000010 0.894372
0.235288 0.811332 0.656567 0.999990 0.801712
0.999990 0.999990 0.621966 0.850107 0.826032
0.809359 0.999990 0.939708 0.934978 0.873014
0.930083 0.165084 0.999990 0.931575 0.271193
0.902552 0.999990 0.960837 0.797351 0.955701
0.717683 0.981622 0.999990 0.840628 0.951009
0.930580 0.999990 0.230768 0.522127 0.463505
0.871727 0.999990 0.999990 0.999990 0.626388
0.915698 0.854972 0.776823 0.999990 0.999990
0.437286 0.837913 0.752727 0.832415 0.999990
0.912254 0.296674 0.941410 0.863982 0.999990
0.227459 0.834331 0.537688 0.637388 0.766196
0.187086 0.830990 0.339534 0.748927 0.701555
0.861662 0.999990 0.827415 0.721301 0.953298
0.076482 0.488401 0.647180 0.888686 0.918750
0.924444 0.974346 0.934280 0.952295 0.943516
0.908748 0.999990 0.997574 0.832341 0.955821
0.943140 0.920795 0.870398 0.863260 0.911807
0.970899 0.964934 0.975773 0.893038 0.956730
0.914932 0.947822 0.870090 0.803083 0.957459
0.697067 0.000010 0.769651 0.766204 0.861606
0.941187 0.999990 0.811451 0.737879 0.802743
0.314828 0.833277 0.709147 0.840484 0.721570
0.398347 0.482302 0.614442 0.894684 0.716527
0.964775 0.547641 0.909557 0.939258 0.887420
0.999990 0.976598 0.906073 0.917870 0.966138
0.639514 0.824146 0.999990 0.999990 0.999990
0.999990 0.999990 0.786521 0.527566 0.823324
0.564246 0.893929 0.735602 0.771601 0.694268
0.588229 0.999990 0.838032 0.999990 0.929622
0.633699 0.857182 0.652988 0.247956 0.786720
0.506942 0.510079 0.497975 0.503763 0.502162
0.920350 0.936467 0.870770 0.940035 0.915808
0.974859 0.999990 0.962485 0.687043 0.857120
0.655393 0.234075 0.377139 0.493158 0.884287
0.600877 0.504156 0.638319 0.498759 0.602701
0.648883 0.540470 0.598550 0.551306 0.578359
0.931730 0.897957 0.843225 0.885265 0.818586
0.669529 0.377704 0.586725 0.343119 0.853556
0.637478 0.999990 0.483673 0.686271 0.000010
0.999990 0.852259 0.885256 0.809399 0.999990
0.391174 0.000010 0.953035 0.680695 0.309604
0.488571 0.570234 0.488542 0.552263 0.511648
0.773886 0.477726 0.229196 0.385053 0.748205
0.946099 0.999990 0.999990 0.999990 0.761021
0.502188 0.873198 0.942554 0.806295 0.317444
0.909777 0.999990 0.952747 0.946295 0.996484
0.040146 0.923967 0.468987 0.626030 0.967181
0.793620 0.999990 0.945586 0.999990 0.348772
0.577374 0.999990 0.562502 0.739502 0.408001
0.943835 0.441018 0.999990 0.999990 0.991064
0.744196 0.999990 0.554821 0.180661 0.931401
0.552397 0.999990 0.956313 0.999990 0.983535
0.503702 0.517115 0.497890 0.551652 0.534385
0.961522 0.975766 0.954725 0.822912 0.848900
0.541305 0.585827 0.541833 0.832798 0.673043
0.243344 0.000010 0.478068 0.650275 0.897502
0.801680 0.832651 0.447496 0.367982 0.857873
0.950910 0.999990 0.893939 0.850241 0.676039
0.953954 0.934161 0.936166 0.957866 0.919993
0.985936 0.846147 0.936645 0.927434 0.929616
0.563089 0.676434 0.677040 0.457977 0.267388
0.888193 0.999990 0.741912 0.274233 0.925589
0.791849 0.999990 0.904093 0.783519 0.983972
0.597271 0.000010 0.740800 0.921441 0.964373
0.925622 0.999990 0.714092 0.849645 0.877323
0.891900 0.999990 0.628015 0.774173 0.991796
0.868709 0.978528 0.999990 0.636530 0.935124
0.411311 0.999990 0.705438 0.987663 0.947066
0.826323 0.999990 0.979675 0.942793 0.921729
0.884824 0.968145 0.994195 0.721319 0.972272
0.918822 0.999990 0.958947 0.881368 0.981073
0.330598 0.666000 0.813193 0.541131 0.359907
0.977733 0.391574 0.690687 0.693989 0.840486
0.886607 0.962599 0.979426 0.956805 0.856489
0.733171 0.775064 0.688949 0.840247 0.624326
0.959244 0.934148 0.895869 0.928699 0.928010
0.846433 0.899120 0.882132 0.968586 0.898627
0.990565 0.968553 0.935857 0.999990 0.856484
0.834989 0.999990 0.859789 0.881456 0.528330
0.624978 0.533413 0.999990 0.741505 0.096392
0.653980 0.748526 0.732233 0.551477 0.628682
0.902272 0.945255 0.992595 0.779719 0.999990
0.849612 0.884778 0.924841 0.761619 0.909683
0.465408 0.559083 0.603095 0.708064 0.758721
0.784693 0.999990 0.747127 0.964846 0.297253
0.622819 0.000010 0.618323 0.744086 0.388822
0.999990 0.999990 0.999990 0.883215 0.796659
0.999990 0.999990 0.751584 0.828985 0.971543
0.881790 0.999990 0.909281 0.999990 0.952311
0.333739 0.175566 0.637392 0.997605 0.564606
0.500029 0.787798 0.650215 0.863098 0.473089
0.692353 0.931908 0.999990 0.936373 0.999990
0.821763 0.999990 0.515761 0.435943 0.462753
0.973403 0.999990 0.721584 0.779872 0.999990
0.628147 0.999990 0.437860 0.444984 0.387701
0.999990 0.999990 0.955457 0.630653 0.905117
0.743835 0.761579 0.970617 0.924510 0.987373
0.316920 0.277556 0.440832 0.609233 0.980887
0.533444 0.398389 0.600155 0.999990 0.952147
0.507096 0.945955 0.999990 0.999990 0.999990
0.837650 0.999990 0.773950 0.937834 0.988921
0.965998 0.999990 0.999990 0.999990 0.772561
0.999990 0.284693 0.761536 0.999990 0.999990
0.527747 0.589705 0.962874 0.876174 0.999990
0.930725 0.931180 0.971475 0.888051 0.999990
0.898243 0.999990 0.921007 0.804588 0.333726
0.748859 0.999990 0.841312 0.965415 0.967679
0.873380 0.999990 0.663460 0.788122 0.999990
0.897230 0.948155 0.913904 0.968439 0.999990
0.599787 0.567428 0.691204 0.656872 0.572251
0.705404 0.999990 0.867164 0.889583 0.999990
0.802187 0.065358 0.789509 0.588480 0.555471
0.752687 0.999990 0.999990 0.999990 0.999990
0.931819 0.999990 0.965648 0.827660 0.843812
0.888428 0.999990 0.525098 0.694661 0.747754
0.438288 0.115393 0.999990 0.675926 0.000010
0.561301 0.662210 0.958299 0.687896 0.574746
0.750357 0.999990 0.801796 0.839511 0.926752
0.934950 0.817927 0.977041 0.750264 0.660734
0.463995 0.999990 0.724457 0.983977 0.485394
0.568056 0.999990 0.657347 0.517646 0.834016
0.746188 0.999990 0.999990 0.999990 0.919774
0.862687 0.999990 0.999990 0.999990 0.989664
0.519475 0.563948 0.666667 0.565881 0.351679
0.750536 0.449568 0.898767 0.734431 0.576253
0.827429 0.814209 0.790561 0.799062 0.693960
0.975179 0.769613 0.999990 0.726154 0.674780
0.000010 0.000010 0.785631 0.738624 0.764168
0.709737 0.934754 0.993095 0.999134 0.999990
0.486715 0.579984 0.999990 0.999990 0.945667
0.248921 0.207792 0.867236 0.875866 0.145039
0.764618 0.999990 0.665602 0.692955 0.854937
0.961417 0.999990 0.851214 0.772384 0.990047
0.130339 0.007005 0.621189 0.899818 0.999990
0.932610 0.815624 0.951943 0.946255 0.978138
0.688960 0.999990 0.783870 0.842370 0.836166
0.617329 0.999990 0.572386 0.856097 0.879858
0.648984 0.969802 0.762905 0.930839 0.979157
0.860086 0.999990 0.644990 0.898080 0.999990
0.215388 0.698541 0.679952 0.608876 0.292954
0.631915 0.999990 0.306299 0.295444 0.703713
0.978760 0.999990 0.971044 0.999990 0.552099
0.881660 0.999990 0.913254 0.790960 0.805246
0.897794 0.999990 0.487992 0.346244 0.901437
0.465163 0.790083 0.476003 0.494647 0.882590
0.739693 0.852813 0.936404 0.797137 0.397054
0.782805 0.999990 0.553648 0.889906 0.334833
0.999990 0.999990 0.497819 0.477724 0.714917
0.925634 0.925812 0.589802 0.447324 0.184344
0.809972 0.999990 0.999983 0.942723 0.999990
0.173369 0.000010 0.501925 0.862891 0.707395
0.496297 0.784298 0.392802 0.546831 0.543235
0.729249 0.999990 0.347564 0.333935 0.852136
0.723291 0.676317 0.664405 0.565365 0.293555
0.665636 0.863678 0.999990 0.999990 0.955881
0.853934 0.933757 0.999986 0.999990 0.989357
0.999990 0.999990 0.966182 0.839167 0.750813
0.939185 0.821753 0.999990 0.999990 0.664493
0.476211 0.047583 0.965911 0.810595 0.112510
0.718222 0.692803 0.984364 0.695597 0.999990
0.886423 0.999990 0.790872 0.918676 0.999990
0.991514 0.999990 0.925611 0.743124 0.501222
0.865518 0.999533 0.365803 0.453532 0.760278
0.850599 0.973141 0.999990 0.999990 0.807547
0.954342 0.979153 0.962117 0.954799 0.976431
0.687602 0.668603 0.696599 0.946718 0.875531
0.521663 0.452942 0.446272 0.622826 0.741940
0.698331 0.999990 0.999990 0.999990 0.940386
0.545760 0.381885 0.792560 0.819532 0.924053
0.668295 0.696817 0.715094 0.647849 0.510156
0.568576 0.561206 0.534943 0.511712 0.537351
0.999990 0.966741 0.730512 0.787975 0.701799
0.915499 0.904775 0.794113 0.612875 0.721897
0.628255 0.715900 0.742641 0.674972 0.669383
0.688394 0.810111 0.749810 0.643594 0.708549
0.882075 0.957151 0.759655 0.773865 0.777107
0.878149 0.584296 0.916049 0.977755 0.920171
0.508617 0.748231 0.814056 0.840157 0.790123
0.981503 0.999990 0.680181 0.959171 0.931550
0.122636 0.000010 0.630440 0.713694 0.850736
0.999990 0.999990 0.999990 0.872208 0.999990
0.334755 0.372379 0.605343 0.711057 0.931359
0.963617 0.868579 0.999981 0.999990 0.814653
0.999990 0.449023 0.999990 0.999990 0.592770
0.881354 0.999990 0.999990 0.893979 0.999990
0.535284 0.881442 0.952318 0.657778 0.045311
0.955983 0.999990 0.999990 0.759360 0.999990
0.898179 0.946965 0.869494 0.999990 0.928820
0.854993 0.999990 0.953441 0.999990 0.922138
0.958547 0.966174 0.929919 0.914293 0.930673
0.949437 0.515971 0.914549 0.928878 0.902016
0.600877 0.999990 0.779256 0.736499 0.762844
0.523131 0.999990 0.706764 0.425780 0.617852
0.999985 0.999990 0.900508 0.999990 0.875706
0.896537 0.999990 0.935612 0.986238 0.913415
0.999990 0.754967 0.925681 0.951692 0.896812
0.884060 0.999990 0.903699 0.929436 0.963023
0.743039 0.533375 0.632584 0.702939 0.741940
0.674430 0.999990 0.883994 0.918660 0.866233
0.885445 0.169853 0.670386 0.718429 0.871626
0.681705 0.999990 0.999990 0.999990 0.974543
0.769920 0.567302 0.799812 0.999990 0.783486
0.780940 0.748535 0.688091 0.995434 0.858872
0.616344 0.678073 0.764690 0.961290 0.769760
0.900954 0.999990 0.958513 0.978943 0.856129
0.455279 0.307684 0.990818 0.987150 0.635638
0.871794 0.886950 0.878399 0.517852 0.407041
0.821218 0.599832 0.136483 0.849583 0.359323
0.758453 0.573926 0.629591 0.708006 0.476329
0.729588 0.999990 0.911358 0.926910 0.989501
0.884054 0.798925 0.954263 0.785554 0.972845
0.208542 0.622038 0.688112 0.629649 0.946028
0.703115 0.999990 0.995580 0.990795 0.960989
0.919502 0.999990 0.897703 0.864413 0.931678
0.789506 0.999990 0.571271 0.565187 0.155275
0.917237 0.999990 0.782852 0.905929 0.999990
0.887763 0.891264 0.999990 0.999990 0.986194
0.828456 0.868559 0.651817 0.607846 0.816616
0.557533 0.664777 0.670776 0.559069 0.614573
0.950851 0.999990 0.962449 0.903214 0.999990
0.683976 0.338570 0.806725 0.453598 0.119433
0.960705 0.999990 0.521535 0.637995 0.800941
0.970326 0.999990 0.399444 0.679377 0.646318
0.964620 0.999990 0.911598 0.999990 0.500124
0.930727 0.881896 0.918512 0.803934 0.955231
0.808213 0.999990 0.999990 0.999990 0.999990
0.605168 0.886552 0.716319 0.682156 0.166593
0.297781 0.107958 0.649238 0.837672 0.829109
0.940479 0.999990 0.999990 0.844431 0.999990
0.839042 0.999990 0.811702 0.828419 0.482251
0.900196 0.647606 0.998587 0.992622 0.987959
0.739662 0.710121 0.302199 0.474870 0.974588
0.835063 0.999990 0.383804 0.151808 0.688853
0.533847 0.580186 0.999990 0.999990 0.999990
0.839353 0.172635 0.761941 0.636989 0.252727
0.851753 0.616241 0.920120 0.990081 0.999990
0.667308 0.039420 0.632618 0.097889 0.839127
0.604622 0.482655 0.929255 0.761243 0.652608
0.233891 0.000010 0.679708 0.795155 0.571882
0.899219 0.999990 0.966897 0.953424 0.924774
0.999990 0.999990 0.788451 0.875299 0.857236
0.829837 0.999990 0.999990 0.583384 0.981889
0.923512 0.851822 0.956366 0.980832 0.951205
0.934577 0.907131 0.870323 0.995440 0.860720
0.529557 0.565825 0.777529 0.922651 0.605435
0.412499 0.474248 0.526012 0.702466 0.593438
0.714142 0.460743 0.697508 0.999990 0.188704
0.939366 0.909630 0.999990 0.713484 0.970580
0.934814 0.963256 0.971537 0.693770 0.999990
0.999990 0.965852 0.845004 0.870919 0.999990
0.612357 0.082743 0.065978 0.810705 0.940660
0.140133 0.572289 0.623371 0.613962 0.519162
0.999990 0.999990 0.857195 0.513062 0.962342
0.968656 0.868157 0.875981 0.879669 0.999990
0.691700 0.999990 0.726304 0.999990 0.960737
0.863903 0.790182 0.527533 0.824260 0.523016
0.923678 0.999990 0.924603 0.999990 0.948843
0.968471 0.957388 0.933935 0.999990 0.872079
0.276027 0.014753 0.729393 0.838330 0.300930
0.898368 0.980984 0.958318 0.936904 0.925875
0.888999 0.877752 0.930974 0.974804 0.896745
0.874685 0.923228 0.881524 0.971127 0.949336
0.929724 0.951528 0.969758 0.947734 0.945076
0.860389 0.999990 0.924996 0.970195 0.982576
0.949177 0.870779 0.927104 0.918039 0.969542
0.966175 0.937591 0.920269 0.908008 0.875150
0.786370 0.913679 0.862536 0.789226 0.788584
0.946374 0.999990 0.951787 0.933005 0.898570
0.995097 0.924657 0.949473 0.900541 0.883477
0.820943 0.895359 0.837274 0.999990 0.956819
0.992633 0.858299 0.971340 0.921137 0.914352
0.748121 0.427370 0.999990 0.999990 0.586322
0.901572 0.814389 0.892295 0.956956 0.888568
0.856134 0.940695 0.915393 0.999990 0.884011
0.939807 0.960606 0.931890 0.932386 0.938293
0.856197 0.999990 0.786885 0.980671 0.916576
0.918874 0.953350 0.912321 0.885861 0.853476
0.959278 0.972148 0.968675 0.876256 0.951029
0.878250 0.999990 0.918366 0.971346 0.933763
0.981405 0.961805 0.960311 0.896849 0.918670
0.911515 0.860372 0.880524 0.902521 0.899692
0.951569 0.863038 0.950435 0.868085 0.869794
0.900188 0.853745 0.896148 0.954793 0.899798
0.908943 0.720220 0.905070 0.906655 0.831078
0.999990 0.999986 0.999990 0.999990 0.610137
0.767716 0.399782 0.382896 0.573746 0.441318
0.809544 0.999987 0.999990 0.980073 0.998741
0.980571 0.948461 0.890648 0.999990 0.938071
0.368015 0.062094 0.814772 0.877793 0.739008
0.892851 0.933233 0.945904 0.916167 0.908385
0.902674 0.913042 0.891067 0.847733 0.921480
0.874463 0.876996 0.953340 0.969233 0.955531
0.877679 0.959292 0.875562 0.939230 0.867967
0.885722 0.969329 0.831392 0.999990 0.904312
0.888229 0.971613 0.855091 0.929945 0.832376
0.931455 0.981326 0.908487 0.961617 0.879389
0.949408 0.919981 0.965333 0.742044 0.872775
0.927794 0.833998 0.876215 0.934207 0.884150
0.868971 0.993838 0.861314 0.929050 0.906330
0.999990 0.862889 0.951199 0.825159 0.831229
0.931360 0.870283 0.852697 0.980663 0.949489
0.113303 0.000010 0.775551 0.658939 0.727609
0.840083 0.792938 0.999990 0.971118 0.851919
0.932873 0.999990 0.936319 0.668992 0.837547
0.883130 0.876962 0.947329 0.960975 0.999354
0.977519 0.944514 0.929608 0.890905 0.974112
0.179642 0.294757 0.544865 0.501243 0.999990
0.921906 0.889339 0.931590 0.928489 0.999990
0.928804 0.961626 0.893979 0.973606 0.971257
0.806966 0.922386 0.941861 0.913714 0.999990
0.864203 0.859875 0.886456 0.842278 0.875664
0.968985 0.890226 0.981857 0.899498 0.947082
0.900499 0.975917 0.905428 0.977866 0.984975
0.956818 0.902731 0.924990 0.889936 0.870548
0.954657 0.948201 0.971885 0.927386 0.931097
0.697870 0.842333 0.716548 0.768432 0.708404
0.939506 0.968755 0.930553 0.904451 0.939736
0.939299 0.883067 0.959055 0.942902 0.911670
0.889776 0.968965 0.928472 0.803223 0.931794
0.847825 0.818105 0.945263 0.945716 0.884681
0.961239 0.908705 0.894007 0.959738 0.826330
0.957401 0.923695 0.942722 0.959255 0.938005
0.999990 0.971138 0.883867 0.937144 0.955146
0.999990 0.908795 0.873911 0.945762 0.978310
0.933530 0.000010 0.633953 0.223414 0.655248
0.953320 0.468216 0.999990 0.999990 0.676428
0.947470 0.999990 0.582755 0.409706 0.798408
0.089692 0.604356 0.495438 0.590015 0.925134
0.999990 0.611332 0.854009 0.574292 0.948536
0.829261 0.999990 0.897304 0.999990 0.887498
0.663718 0.797932 0.854677 0.886984 0.842789
0.771451 0.480486 0.851623 0.917651 0.394133
0.900763 0.870560 0.715098 0.735909 0.839641
0.967374 0.999990 0.606344 0.669641 0.596140
0.927529 0.999990 0.893371 0.996711 0.482151
0.896054 0.999990 0.878298 0.847724 0.424014
0.880809 0.999990 0.917249 0.908235 0.999990
0.752275 0.999990 0.746893 0.624340 0.499814
0.634492 0.999990 0.790711 0.476058 0.431034
0.999990 0.999990 0.786741 0.216303 0.130442
0.217868 0.219225 0.360882 0.758318 0.922570
0.802544 0.999990 0.671988 0.999990 0.939571
0.999990 0.999990 0.481687 0.597096 0.312683
0.921000 0.999990 0.844898 0.975039 0.999990
0.448446 0.999990 0.500762 0.908033 0.767848
0.791894 0.329962 0.944797 0.886489 0.843694
0.947485 0.539929 0.492792 0.922247 0.999990
0.967552 0.999990 0.736168 0.857362 0.975779
0.999982 0.999990 0.797171 0.807332 0.614305
0.919344 0.999990 0.999990 0.820392 0.999990
0.377447 0.280096 0.767538 0.840397 0.150587
0.834947 0.692607 0.999990 0.999990 0.951001
0.513308 0.999990 0.999990 0.999990 0.962530
0.840828 0.999990 0.928294 0.929214 0.999990
0.804980 0.999990 0.920728 0.975488 0.999990
0.723447 0.866905 0.772575 0.999990 0.976687
0.738366 0.625548 0.999990 0.999990 0.990204
0.999990 0.352878 0.767260 0.821564 0.621232
0.797798 0.775250 0.549960 0.444261 0.383081
0.834478 0.999990 0.999990 0.784740 0.998825
0.857411 0.899229 0.318270 0.927630 0.622502
0.918087 0.914034 0.902296 0.965431 0.936863
0.915676 0.999990 0.999990 0.907552 0.999990
0.649627 0.999981 0.999990 0.999990 0.524296
0.492058 0.000010 0.474841 0.753856 0.656756
0.588908 0.999990 0.936833 0.984826 0.654911
0.627358 0.137242 0.999990 0.975017 0.999990
0.685296 0.908975 0.999990 0.999990 0.999990
0.976131 0.999990 0.859504 0.907223 0.957644
0.621835 0.341971 0.732011 0.662634 0.894523
0.804875 0.999990 0.999990 0.999990 0.999990
0.492500 0.000010 0.999990 0.703035 0.217500
0.578685 0.682676 0.715007 0.688815 0.521166
0.735903 0.402736 0.255481 0.687005 0.574686
0.992154 0.999990 0.797655 0.583549 0.986936
0.482442 0.375138 0.535898 0.767043 0.666674
0.742064 0.795041 0.800144 0.000010 0.762888
0.790434 0.999990 0.987805 0.999990 0.879454
0.848351 0.278090 0.623062 0.788943 0.007494
0.999990 0.999990 0.514801 0.681988 0.541091
0.779856 0.921577 0.956200 0.999990 0.998248
0.334998 0.095871 0.639499 0.696262 0.961363
0.609374 0.722772 0.823818 0.975150 0.999990
0.510033 0.786814 0.958253 0.914440 0.936448
0.946213 0.999990 0.806535 0.272748 0.891911
0.914098 0.879406 0.814188 0.999990 0.937736
0.944859 0.999990 0.970015 0.845814 0.999990
0.822055 0.566506 0.488119 0.297292 0.632988
0.985806 0.999990 0.999990 0.999990 0.616579
0.881267 0.933561 0.869995 0.956922 0.906245
0.939021 0.877984 0.972779 0.925892 0.952483
0.999990 0.956371 0.953793 0.924233 0.890742
0.892423 0.973094 0.931541 0.920396 0.824727
0.881504 0.953266 0.974420 0.887053 0.973311
0.889297 0.912821 0.908169 0.953496 0.879670
0.881030 0.755029 0.880955 0.742290 0.827244
0.825157 0.932559 0.883088 0.926269 0.913664
0.860850 0.910386 0.855436 0.898849 0.963147
0.942003 0.952612 0.937411 0.931277 0.833348
0.802925 0.843901 0.802177 0.817002 0.801202
0.984224 0.857015 0.941117 0.935573 0.950939
0.586023 0.563193 0.619627 0.476855 0.564530
0.875993 0.902741 0.797552 0.840175 0.876990
0.899683 0.898180 0.897192 0.926541 0.934795
0.970873 0.937207 0.954583 0.953346 0.908074
0.843985 0.850450 0.842338 0.884940 0.829676
0.860895 0.908477 0.905891 0.865621 0.909618
0.938083 0.812260 0.866516 0.922820 0.892297
0.973354 0.921148 0.959731 0.941770 0.925013
0.582717 0.676419 0.684350 0.600710 0.652527
0.897887 0.945500 0.929345 0.923875 0.903484
0.948029 0.976017 0.924746 0.918640 0.885077
0.886068 0.454388 0.638949 0.966164 0.922617
0.852574 0.999990 0.372079 0.145302 0.890843
0.577988 0.837552 0.999990 0.999990 0.984885
0.937791 0.858363 0.773682 0.638413 0.863037
0.708423 0.905426 0.753201 0.641140 0.341433
0.704299 0.999990 0.419752 0.450239 0.731513
0.999990 0.999990 0.335871 0.149093 0.397766
0.999990 0.999990 0.882175 0.719387 0.999990
0.999990 0.213428 0.847101 0.999990 0.183332
0.656734 0.995763 0.917254 0.950296 0.210387
0.461988 0.999990 0.656165 0.730843 0.461045
0.915687 0.869641 0.954310 0.999990 0.977358
0.634960 0.999990 0.298284 0.321677 0.611889
0.924238 0.999990 0.747095 0.733341 0.573667
0.518671 0.999990 0.699374 0.667633 0.968638
0.832908 0.047156 0.832899 0.999990 0.773720
0.619111 0.999990 0.753279 0.231826 0.938839
0.932635 0.924093 0.939176 0.920845 0.950133
0.844576 0.890119 0.911952 0.909148 0.907755
0.926400 0.928704 0.959749 0.920184 0.958870
0.893600 0.952487 0.884762 0.796151 0.896020
0.801171 0.863337 0.915487 0.936659 0.867731
0.952108 0.919935 0.901685 0.957942 0.888789
0.922378 0.973318 0.936066 0.999990 0.848301
0.934728 0.789614 0.910154 0.808832 0.940934
0.799549 0.854523 0.879662 0.812931 0.863093
0.804415 0.928150 0.831664 0.999990 0.789038
0.425210 0.796010 0.951890 0.792553 0.712261
0.976368 0.876383 0.848930 0.762698 0.855942
0.939351 0.905069 0.887095 0.999990 0.974230
0.870619 0.938007 0.878511 0.908301 0.914232
0.999990 0.948305 0.869763 0.926915 0.874992
0.983661 0.756302 0.866485 0.903265 0.946715
0.707496 0.883170 0.474584 0.384516 0.694453
0.106988 0.000010 0.506062 0.857343 0.699812
0.631062 0.999990 0.759823 0.957641 0.971789
0.006482 0.682028 0.508463 0.497846 0.880060
0.815283 0.005302 0.737374 0.999990 0.925652
0.971561 0.329564 0.999990 0.999990 0.696064
0.888724 0.862315 0.970917 0.999990 0.689231
0.575993 0.858092 0.999990 0.999990 0.999990
0.989370 0.999990 0.948029 0.862276 0.914678
0.611407 0.198380 0.687332 0.741600 0.963511
0.955083 0.849143 0.999990 0.855890 0.999990
0.650054 0.999990 0.788533 0.860939 0.819211
0.878503 0.782495 0.952660 0.748471 0.292837
0.736379 0.593198 0.795122 0.053073 0.405855
0.368035 0.441493 0.647817 0.803164 0.940063
0.521983 0.999990 0.747942 0.397723 0.199235
0.660462 0.318260 0.576444 0.999990 0.198570
0.813316 0.283297 0.999990 0.999990 0.999990
0.504914 0.355779 0.782919 0.771638 0.999990
0.254739 0.435913 0.786008 0.804459 0.127372
0.854979 0.799557 0.994632 0.396629 0.414533
0.344568 0.101029 0.725641 0.792145 0.216764
0.180750 0.948091 0.707246 0.672026 0.772758
0.691604 0.354745 0.650878 0.577594 0.376896
0.417949 0.719267 0.433560 0.532276 0.625122
0.919649 0.259263 0.736848 0.835911 0.796604
0.878204 0.359082 0.554699 0.479125 0.291916
0.825942 0.999990 0.841873 0.999990 0.999990
0.953125 0.999986 0.999990 0.999990 0.916530
0.421740 0.805053 0.681403 0.651763 0.479671
0.929877 0.999980 0.999990 0.999990 0.567631
0.722030 0.706143 0.970399 0.834503 0.999990
0.897200 0.925770 0.959889 0.859384 0.999990
0.822975 0.698392 0.356995 0.752917 0.621427
0.929175 0.999990 0.999990 0.740952 0.999990
0.981427 0.990037 0.989573 0.867007 0.867427
0.149371 0.000010 0.730561 0.958341 0.515596
0.662238 0.473599 0.640478 0.999990 0.517842
0.805044 0.601568 0.999990 0.983008 0.845469
0.924778 0.714200 0.837914 0.881659 0.856194
0.876131 0.892537 0.880014 0.874012 0.907493
0.583844 0.355290 0.518553 0.508633 0.589181
0.999990 0.999990 0.915777 0.793891 0.999990
0.161338 0.522222 0.703529 0.669427 0.382658
0.492555 0.506440 0.480215 0.574761 0.491855
0.853998 0.977586 0.929747 0.715039 0.946697
0.682389 0.807829 0.866344 0.507740 0.307528
0.012397 0.588046 0.427455 0.912250 0.839022
0.590714 0.353628 0.698432 0.493606 0.233438
0.743594 0.687124 0.775360 0.864977 0.974520
0.525597 0.877440 0.921887 0.644059 0.959642
0.999990 0.950852 0.999990 0.596999 0.582130
0.866535 0.999990 0.743853 0.926612 0.977012
0.964404 0.927002 0.951354 0.876787 0.935631
0.196222 0.317527 0.496735 0.675595 0.963628
0.891125 0.999990 0.630791 0.917189 0.999990
0.999990 0.999990 0.981912 0.999990 0.730427
0.821123 0.999990 0.248018 0.722557 0.282635
0.879934 0.999990 0.467110 0.538370 0.841784
0.999990 0.301549 0.514383 0.605147 0.053223
0.953387 0.999990 0.705998 0.974849 0.960020
0.174701 0.215653 0.820171 0.654179 0.900619
0.909114 0.999990 0.825354 0.735617 0.999990
0.476060 0.420784 0.999990 0.902552 0.462624
0.889402 0.958588 0.883339 0.999990 0.963062
0.998127 0.999990 0.875240 0.813108 0.724253
0.991933 0.999990 0.711015 0.766383 0.738593
0.875461 0.776802 0.875109 0.856273 0.030779
0.631518 0.901833 0.999990 0.887706 0.999990
0.865117 0.942909 0.936128 0.917063 0.857342
0.795594 0.866277 0.871087 0.893043 0.845545
0.861887 0.785719 0.882418 0.888285 0.942650
0.891331 0.882136 0.914955 0.805694 0.907863
0.955677 0.892575 0.958318 0.869197 0.925536
0.868428 0.927832 0.916783 0.850040 0.948103
0.976039 0.925215 0.942516 0.908571 0.897517
0.920903 0.928733 0.906247 0.976383 0.879816
0.831056 0.944546 0.938244 0.950606 0.931698
0.991417 0.933732 0.906786 0.950735 0.900444
0.792721 0.966178 0.946963 0.964506 0.974627
0.934007 0.780004 0.810896 0.935391 0.936698
0.847258 0.964831 0.951498 0.973161 0.936119
0.969565 0.975220 0.834970 0.949562 0.958882
0.987015 0.879564 0.932508 0.861250 0.950271
0.940612 0.814446 0.999215 0.784297 0.772738
0.806009 0.839662 0.883546 0.993757 0.900089
0.832213 0.928675 0.884883 0.877645 0.795514
0.966989 0.931958 0.999990 0.768663 0.832702
0.851516 0.940107 0.920839 0.928546 0.979649
0.935159 0.978406 0.921671 0.967203 0.963974
0.899711 0.956911 0.906311 0.999246 0.973696
0.903337 0.902196 0.917840 0.882644 0.913064
0.792814 0.904911 0.858402 0.863979 0.927341
0.910842 0.950014 0.870248 0.909451 0.924540
0.906577 0.784285 0.979501 0.803656 0.852552
0.971544 0.887214 0.935408 0.894862 0.951788
0.935650 0.999990 0.971655 0.938856 0.940495
0.901738 0.867950 0.920596 0.836678 0.878973
0.973679 0.866589 0.871847 0.955682 0.898865
0.945781 0.904551 0.949939 0.917831 0.964164
0.932442 0.826757 0.945940 0.915406 0.862816
0.928461 0.965936 0.900519 0.948151 0.903645
0.899444 0.880339 0.877121 0.867847 0.929232
0.896119 0.999990 0.890899 0.984690 0.957705
0.845344 0.962683 0.906575 0.985596 0.905778
0.967420 0.902298 0.934534 0.907365 0.868157
0.909176 0.921431 0.948758 0.876639 0.968972
0.938116 0.939539 0.885243 0.999990 0.955923
0.880625 0.761279 0.809675 0.887774 0.835267
0.884917 0.764687 0.932176 0.878106 0.938506
0.831710 0.800413 0.835237 0.882292 0.808474
0.286645 0.806599 0.739050 0.000010 0.890576
0.904636 0.845974 0.360773 0.814069 0.018216
0.545798 0.522833 0.639033 0.400085 0.550548
0.735316 0.000010 0.999990 0.655505 0.022787
0.745604 0.903204 0.285456 0.375441 0.856764
0.375099 0.920024 0.979140 0.999990 0.197269
0.944981 0.641971 0.557785 0.635419 0.427597
0.301163 0.421633 0.823124 0.759891 0.986786
0.214781 0.613522 0.710554 0.302286 0.699033
0.961058 0.999990 0.851427 0.778237 0.999990
0.945930 0.999990 0.477132 0.923265 0.576593
0.828428 0.999990 0.534831 0.470777 0.883171
0.999990 0.999990 0.951606 0.841489 0.999990
0.000010 0.000010 0.697607 0.764639 0.871422
0.875839 0.999990 0.775843 0.858422 0.999990
0.958596 0.999990 0.720311 0.330770 0.975916
0.564527 0.999990 0.999990 0.984384 0.991449
0.900609 0.999990 0.766411 0.834643 0.999990
0.968238 0.745892 0.999990 0.999990 0.895016
0.758672 0.600251 0.507713 0.818969 0.426186
0.727238 0.839058 0.999990 0.988816 0.964587
0.797420 0.569128 0.434177 0.822810 0.705007
0.831235 0.914753 0.872763 0.903469 0.861626
0.922054 0.999990 0.985912 0.938509 0.429682
0.470260 0.487447 0.999990 0.835665 0.346706
0.813447 0.945278 0.486665 0.636908 0.218035
0.999990 0.896470 0.852287 0.984903 0.877747
0.000010 0.091043 0.689883 0.835184 0.592645
0.889295 0.546323 0.309158 0.324128 0.608065
0.874658 0.939411 0.930651 0.876872 0.951975
0.927249 0.999990 0.999990 0.999990 0.662481
0.999990 0.999990 0.325266 0.883360 0.581882
0.959696 0.999990 0.999990 0.999990 0.742885
0.822276 0.852580 0.848533 0.838352 0.819744
0.914953 0.942396 0.936951 0.927039 0.970709
0.891092 0.797703 0.901434 0.927907 0.826947
0.980904 0.850950 0.985546 0.920274 0.918787
0.896832 0.884188 0.900703 0.837466 0.837216
0.921197 0.943230 0.885105 0.971763 0.928054
0.926984 0.977312 0.911292 0.910122 0.914204
0.887943 0.949649 0.966097 0.966068 0.900213
0.932903 0.952109 0.932765 0.921006 0.943737
0.846406 0.927640 0.946781 0.935652 0.875864
0.964379 0.912841 0.932595 0.889393 0.959952
0.939928 0.949097 0.933991 0.917085 0.950519
0.784452 0.924873 0.889369 0.942559 0.905197
0.880870 0.975179 0.925978 0.999990 0.918507
0.755518 0.916268 0.912659 0.884476 0.839089
0.849205 0.912530 0.893920 0.895232 0.944701
0.907175 0.969353 0.951726 0.918241 0.929975
0.927691 0.999990 0.937367 0.938084 0.949352
0.903979 0.897543 0.911658 0.884609 0.897964
0.947159 0.999990 0.738773 0.841908 0.911252
0.645042 0.999990 0.947844 0.653294 0.501187
0.592751 0.449026 0.526423 0.652382 0.925550
0.999990 0.999990 0.999990 0.801345 0.897755
0.937718 0.903875 0.428066 0.120772 0.482426
0.315005 0.391891 0.717726 0.806303 0.285259
0.946444 0.909096 0.999990 0.999990 0.843428
0.911164 0.999990 0.759347 0.595508 0.947348
0.473830 0.422056 0.718473 0.856226 0.267016
0.547150 0.999990 0.581540 0.493235 0.432198
0.758530 0.999990 0.999990 0.984530 0.999990
0.999990 0.999986 0.999990 0.999990 0.544794
0.994330 0.999990 0.893225 0.751846 0.965747
0.833717 0.999990 0.537681 0.288918 0.633901
0.887309 0.972874 0.956576 0.904728 0.951025
0.710596 0.140718 0.765302 0.605492 0.086328
0.933162 0.962150 0.923786 0.945121 0.904470
0.891460 0.922150 0.874127 0.937716 0.924431
0.887330 0.999990 0.967396 0.921197 0.964993
0.955527 0.943560 0.896038 0.962412 0.888439
0.903043 0.950918 0.956073 0.917033 0.903492
0.814268 0.999990 0.900380 0.589217 0.479320
0.551307 0.493371 0.490061 0.523831 0.509925
0.962516 0.930515 0.925960 0.902574 0.926536
0.779283 0.867492 0.771585 0.763289 0.773400
0.904639 0.942019 0.860055 0.863947 0.937644
0.962410 0.978415 0.925676 0.955835 0.989507
0.918729 0.875996 0.943143 0.864333 0.866739
0.830489 0.807687 0.782143 0.984983 0.902494
0.798945 0.791657 0.796206 0.824096 0.826608
0.497227 0.556140 0.617373 0.607068 0.631776
0.975742 0.900281 0.899542 0.959604 0.936945
0.843309 0.934339 0.914514 0.909973 0.999990
0.956286 0.954865 0.961211 0.919981 0.976604
0.867752 0.906569 0.816649 0.878410 0.809963
0.926699 0.949571 0.947422 0.807754 0.921998
0.792808 0.922718 0.913586 0.921078 0.877274
0.945219 0.972851 0.918105 0.950369 0.907676
0.849955 0.961102 0.931809 0.921619 0.902206
0.836579 0.937968 0.956990 0.907256 0.905641
0.803450 0.846876 0.803205 0.872623 0.780827
0.871077 0.881367 0.844487 0.950922 0.886135
0.944320 0.909778 0.900878 0.894252 0.930946
0.895793 0.954515 0.923124 0.931902 0.899321
0.963443 0.805629 0.976794 0.903333 0.493012
0.990346 0.907415 0.949790 0.859842 0.964733
0.906505 0.944027 0.915204 0.885276 0.944953
0.900118 0.947804 0.889433 0.906329 0.961284
0.663531 0.827089 0.768797 0.651433 0.062477
0.979239 0.956427 0.965503 0.904142 0.905517
0.980874 0.900445 0.885559 0.999990 0.926143
0.823137 0.869973 0.999990 0.923605 0.486201
0.653861 0.658500 0.999990 0.999990 0.995634
0.693116 0.551131 0.999990 0.936516 0.759233
0.985237 0.999990 0.999990 0.999990 0.742948
0.973107 0.999990 0.999990 0.999990 0.739826
0.999990 0.999990 0.999990 0.597231 0.580811
0.307833 0.266149 0.939884 0.200941 0.786302
0.604895 0.380746 0.999990 0.151581 0.543980
0.776033 0.944127 0.668970 0.912522 0.999990
0.965588 0.722876 0.477104 0.214430 0.978862
0.999990 0.999990 0.999990 0.863052 0.820445
0.953139 0.999990 0.948231 0.949907 0.733458
0.336448 0.571629 0.463760 0.314872 0.999990
0.419178 0.526054 0.903097 0.999990 0.999990
0.934709 0.999990 0.793731 0.967674 0.546098
0.999990 0.999980 0.999990 0.910732 0.999990
0.838494 0.913384 0.509302 0.751380 0.362138
0.990548 0.510096 0.888954 0.999990 0.590596
0.818773 0.861865 0.999990 0.999990 0.999990
0.890118 0.999990 0.999990 0.987136 0.647912
0.717040 0.484375 0.999982 0.999990 0.973167
0.549318 0.999990 0.256726 0.765243 0.767661
0.872803 0.904175 0.923161 0.796580 0.952685
0.928512 0.974652 0.927424 0.945519 0.899074
0.923920 0.999990 0.932559 0.950282 0.942666
0.901517 0.948325 0.937958 0.999990 0.940679
0.915253 0.897239 0.952266 0.921269 0.953468
0.879373 0.999990 0.924257 0.964153 0.953557
0.954862 0.871723 0.984031 0.915171 0.914650
0.882772 0.919315 0.875890 0.914855 0.930645
0.878675 0.886693 0.901741 0.938910 0.939162
0.922900 0.943237 0.992390 0.879764 0.949930
0.977702 0.999990 0.946274 0.944360 0.745583
0.999990 0.999990 0.666227 0.683786 0.999990
0.737630 0.999990 0.999990 0.911847 0.793710
0.835144 0.342578 0.999990 0.977809 0.428584
0.826239 0.204578 0.348153 0.689414 0.598965
0.999990 0.999990 0.869747 0.990933 0.775612
0.917320 0.999990 0.999990 0.999990 0.610098
0.876052 0.632520 0.735757 0.376412 0.237750
0.798339 0.627655 0.999990 0.969907 0.999990
0.000010 0.883290 0.855552 0.999990 0.606612
0.912359 0.999990 0.984391 0.999990 0.828816
0.952089 0.855199 0.952953 0.951416 0.876315
0.999989 0.999990 0.999990 0.999990 0.658760
0.861571 0.536591 0.662875 0.693255 0.058441
0.073403 0.078257 0.570997 0.796456 0.999990
0.999990 0.999990 0.999990 0.774809 0.720502
0.740707 0.729639 0.619238 0.937041 0.183940
0.999990 0.999990 0.621438 0.999990 0.876743
0.779350 0.892067 0.999990 0.185203 0.726758
0.285466 0.800568 0.913235 0.708822 0.755662
0.999990 0.999990 0.759848 0.694250 0.417435
0.999990 0.260065 0.777544 0.848317 0.999990
0.894946 0.896120 0.590303 0.154289 0.439727
0.835300 0.999990 0.411762 0.404349 0.290694
0.919524 0.999990 0.891422 0.669935 0.853748
0.921295 0.951683 0.999990 0.764742 0.999990
0.863201 0.969599 0.966626 0.572390 0.964234
0.376198 0.999990 0.832350 0.746769 0.700339
0.965337 0.999990 0.676036 0.914713 0.756977
0.999990 0.999990 0.911678 0.677567 0.792830
0.746703 0.875588 0.637612 0.876195 0.489619
0.822635 0.923755 0.892454 0.904118 0.889999
0.928225 0.968991 0.937978 0.888926 0.963922
0.957539 0.966944 0.945439 0.891516 0.958192
0.829194 0.931762 0.920438 0.804862 0.915089
0.915270 0.929223 0.860037 0.869755 0.851286
0.901715 0.792583 0.854720 0.894292 0.865736
0.865384 0.734795 0.819919 0.816346 0.808207
0.984788 0.885672 0.904483 0.912011 0.942505
0.866310 0.549027 0.701111 0.942543 0.999990
0.532959 0.928108 0.834042 0.000010 0.521537
0.564718 0.503476 0.307726 0.803559 0.999990
0.455660 0.000010 0.653410 0.956625 0.804740
0.999990 0.999990 0.663836 0.966583 0.714664
0.846582 0.999990 0.812072 0.999990 0.999990
0.299257 0.642233 0.519781 0.815777 0.863744
0.741229 0.999990 0.980845 0.973954 0.943386
0.693948 0.887082 0.432261 0.630363 0.926106
0.905001 0.412784 0.911015 0.812999 0.556875
0.297660 0.831723 0.599737 0.240753 0.830060
0.875035 0.381702 0.336325 0.537236 0.980759
0.886388 0.980461 0.626439 0.224053 0.907095
0.924194 0.916322 0.908379 0.920845 0.898265
0.898527 0.854826 0.942747 0.840363 0.940414
0.897252 0.905089 0.864144 0.815997 0.863682
0.896133 0.878100 0.877797 0.928179 0.920173
0.803754 0.825720 0.802882 0.852489 0.780478
0.887590 0.871163 0.884900 0.921322 0.931635
0.921677 0.940819 0.951515 0.927370 0.982742
0.869025 0.999990 0.897307 0.937828 0.984041
0.942905 0.939597 0.983921 0.913301 0.954155
0.952800 0.953802 0.879323 0.893861 0.963925
0.952842 0.976048 0.986943 0.902102 0.941377
0.950810 0.895148 0.897431 0.980326 0.930121
0.899820 0.942663 0.953500 0.832832 0.978009
0.587314 0.999990 0.923533 0.719309 0.085315
0.859800 0.999990 0.208324 0.405179 0.573581
0.775461 0.955226 0.999990 0.981791 0.991376
0.757106 0.320772 0.970764 0.918008 0.908238
0.423633 0.812644 0.819774 0.890967 0.999990
0.870572 0.853418 0.782338 0.803440 0.549169
0.071173 0.055434 0.840522 0.822184 0.683067
0.999990 0.999990 0.644870 0.914556 0.598040
0.749734 0.820673 0.999990 0.999990 0.918145
0.289055 0.000013 0.999990 0.027306 0.983402
0.999990 0.491660 0.905295 0.999990 0.806907
0.999990 0.999990 0.806234 0.900375 0.757520
0.716053 0.258845 0.557471 0.833008 0.090750
0.871019 0.999990 0.702827 0.131985 0.999990
0.952739 0.999990 0.480920 0.829007 0.530121
0.620474 0.999990 0.681561 0.607731 0.679673
0.498994 0.327309 0.648219 0.766701 0.653130
0.755867 0.999990 0.986855 0.924648 0.999990
0.764318 0.957571 0.491319 0.768604 0.967442
0.350520 0.000010 0.698825 0.629587 0.591374
0.879544 0.999990 0.930240 0.968233 0.971098
0.474568 0.999990 0.800377 0.905799 0.512521
0.707537 0.832390 0.627327 0.650214 0.482710
0.999990 0.727377 0.266851 0.656836 0.204194
0.991925 0.999990 0.949045 0.804166 0.932655
0.824930 0.999990 0.780965 0.845477 0.987445
0.813324 0.144453 0.479269 0.793203 0.442070
0.919505 0.929945 0.957118 0.960322 0.964743
0.801569 0.847687 0.918988 0.999990 0.999990
0.999990 0.999990 0.708961 0.329272 0.082740
0.731996 0.578496 0.999990 0.968365 0.967269
0.971453 0.999990 0.756042 0.334393 0.663204
0.978454 0.999990 0.858613 0.767553 0.999990
0.723873 0.000010 0.673457 0.471524 0.926724
0.187695 0.084974 0.538935 0.706988 0.794925
0.508267 0.558378 0.683705 0.902469 0.982003
0.999990 0.980705 0.586312 0.534481 0.126449
0.683877 0.999990 0.999990 0.990192 0.989439
0.491233 0.980831 0.718872 0.711967 0.631447
0.946233 0.999990 0.713016 0.643005 0.771434
0.752952 0.999990 0.570234 0.379991 0.358262
0.490135 0.000010 0.999990 0.999990 0.823839
0.999990 0.999990 0.731907 0.460134 0.842841
0.999990 0.771354 0.849011 0.910363 0.391923
0.852847 0.999990 0.873668 0.871220 0.944268
0.444742 0.201386 0.908699 0.480100 0.963366
0.881459 0.820968 0.626596 0.523830 0.075953
0.868911 0.965601 0.960812 0.972024 0.963552
0.684495 0.999990 0.397252 0.999990 0.155363
0.835154 0.999990 0.731378 0.947162 0.429847
0.999990 0.726088 0.421257 0.436444 0.529646
0.731517 0.863270 0.636891 0.502302 0.000010
0.650682 0.999990 0.667603 0.169868 0.408640
0.999990 0.999990 0.397454 0.701660 0.999990
0.964750 0.780923 0.999990 0.999990 0.806354
0.381687 0.727523 0.144707 0.603827 0.940663
0.898682 0.205127 0.358907 0.769292 0.172545
0.934318 0.842815 0.898428 0.405282 0.067059
0.918518 0.972026 0.904628 0.897861 0.963045
0.824769 0.673634 0.745682 0.722250 0.740391
0.988383 0.941535 0.931632 0.908940 0.922735
0.846698 0.999990 0.930555 0.935039 0.968600
0.894246 0.881499 0.874436 0.872695 0.893464
0.995869 0.981720 0.937618 0.936623 0.950720
0.927162 0.936708 0.935688 0.975689 0.988450
0.943704 0.925571 0.967636 0.898920 0.965471
0.937272 0.948674 0.943466 0.889479 0.893814
0.873402 0.937746 0.880776 0.896567 0.849659
0.934753 0.892276 0.943748 0.883205 0.960753
0.880638 0.953678 0.836165 0.954103 0.920339
0.936480 0.945864 0.912866 0.979693 0.941650
0.866319 0.939790 0.931969 0.986637 0.899962
0.922457 0.923483 0.934337 0.913007 0.914305
0.930208 0.844022 0.882982 0.906690 0.876615
0.925281 0.984458 0.863044 0.942746 0.915181
0.877994 0.841108 0.886089 0.913375 0.829751
0.234460 0.999990 0.573459 0.302673 0.947493
0.950060 0.976770 0.900148 0.971499 0.967975
0.902629 0.944382 0.946178 0.832542 0.933624
0.910823 0.848973 0.873883 0.971309 0.876792
0.903785 0.915806 0.878474 0.907156 0.911930
0.887440 0.889688 0.858755 0.927645 0.903331
0.968796 0.944063 0.911484 0.913740 0.939606
0.999990 0.890607 0.959044 0.921520 0.940695
0.978350 0.918035 0.948529 0.941421 0.905866
0.921240 0.864844 0.899994 0.956551 0.951447
0.586770 0.081958 0.506685 0.434577 0.940138
0.811840 0.999990 0.968724 0.999990 0.979356
0.580506 0.907945 0.829112 0.912860 0.742121
0.610306 0.190138 0.977422 0.902059 0.977368
0.564221 0.065831 0.879973 0.999990 0.984426
0.999990 0.548033 0.941139 0.931649 0.999990
0.939203 0.904399 0.906643 0.959142 0.953069
0.912545 0.888302 0.936293 0.943120 0.940113
0.931054 0.933692 0.928579 0.963914 0.952816
0.827519 0.918318 0.877098 0.968958 0.949091
0.939589 0.955443 0.931718 0.961622 0.948292
0.900415 0.898483 0.924798 0.850538 0.913757
0.907521 0.864086 0.913291 0.896189 0.914029
0.905208 0.976814 0.906676 0.907778 0.838054
0.765602 0.829881 0.834031 0.842089 0.875359
0.943775 0.744936 0.901100 0.906964 0.848531
0.855874 0.876671 0.866410 0.921613 0.960758
0.878129 0.999990 0.927272 0.956715 0.961586
0.923285 0.950251 0.921984 0.949633 0.977551
0.919851 0.954068 0.936689 0.981216 0.889413
0.897692 0.974410 0.984914 0.932723 0.963258
0.939813 0.973133 0.955236 0.808309 0.906586
0.847108 0.916486 0.792696 0.885728 0.853762
0.922451 0.828895 0.801182 0.917629 0.854354
0.891533 0.927196 0.926236 0.798746 0.869275
0.966086 0.924471 0.927694 0.885420 0.929124
0.912737 0.878573 0.928209 0.938871 0.909822
0.913804 0.960103 0.897322 0.854980 0.865698
0.898588 0.870932 0.845942 0.906779 0.882239
0.910342 0.876220 0.894221 0.883518 0.945680
0.892002 0.976739 0.905014 0.888299 0.893846
0.649060 0.782009 0.797928 0.575999 0.742130
0.817572 0.908846 0.796538 0.999990 0.958738
0.526843 0.836510 0.912473 0.999990 0.572430
0.863872 0.871041 0.841686 0.428132 0.884865
0.959234 0.540021 0.999990 0.999990 0.999990
0.666107 0.999990 0.620425 0.868778 0.999990
0.892475 0.608277 0.607038 0.381606 0.356148
0.557725 0.506404 0.924193 0.968918 0.363630
0.999990 0.999990 0.641581 0.774368 0.684826
0.936052 0.953487 0.999987 0.788269 0.999990
0.931106 0.999990 0.798287 0.949071 0.975157
0.999990 0.834632 0.930120 0.929485 0.971333
0.883736 0.988484 0.951434 0.894644 0.982136
0.980191 0.928168 0.929792 0.937688 0.989564
0.962922 0.883109 0.932454 0.942822 0.953286
0.658850 0.000010 0.829898 0.211731 0.680695
0.023988 0.000010 0.999990 0.999990 0.573635
0.999990 0.999990 0.999990 0.614007 0.837100
0.313525 0.597933 0.999990 0.741946 0.608443
0.999990 0.999990 0.615112 0.823460 0.985642
0.999990 0.946196 0.921227 0.887231 0.936073
0.649784 0.999990 0.999990 0.579178 0.815300
0.535338 0.860451 0.814978 0.615229 0.370244
0.962188 0.716721 0.999990 0.999981 0.999990
0.304016 0.520939 0.641978 0.826769 0.999990
0.622773 0.999990 0.999990 0.999990 0.945466
0.995237 0.895666 0.860592 0.508938 0.396844
0.662856 0.924273 0.665988 0.655997 0.375450
0.803212 0.587916 0.999990 0.990306 0.999990
0.805421 0.911024 0.999990 0.999990 0.999990
0.689785 0.082243 0.771505 0.560289 0.242185
0.485635 0.763289 0.898935 0.788213 0.819826
0.865133 0.999990 0.911335 0.826066 0.725814
0.999639 0.945211 0.922977 0.875343 0.915809
0.595667 0.799794 0.577770 0.849114 0.283884
0.965701 0.344478 0.883816 0.991874 0.999990
0.755749 0.999990 0.860208 0.904076 0.034766
0.925310 0.843162 0.907719 0.998053 0.999990
0.100724 0.000010 0.819145 0.612315 0.699422
0.630795 0.000010 0.988403 0.936163 0.362508
0.945974 0.392659 0.531079 0.794093 0.953299
0.961973 0.955987 0.891946 0.924898 0.960331
0.845295 0.896613 0.887467 0.999990 0.969288
0.936982 0.901609 0.953032 0.894669 0.927138
0.955014 0.962205 0.966677 0.917149 0.878826
0.958052 0.906812 0.950951 0.906701 0.967697
0.676831 0.399840 0.401888 0.479156 0.672334
0.912354 0.999990 0.999990 0.946698 0.868072
0.094632 0.000010 0.665964 0.801528 0.941533
0.727133 0.857100 0.965367 0.999990 0.999990
0.999990 0.999990 0.999990 0.999990 0.728895
0.984861 0.999990 0.667036 0.949634 0.915878
0.588984 0.933160 0.855692 0.587560 0.144946
0.597863 0.872401 0.204789 0.482026 0.951917
0.790857 0.648252 0.744504 0.458469 0.008791
0.999990 0.999990 0.787690 0.786191 0.999990
0.578636 0.999990 0.905178 0.819776 0.961595
0.630375 0.705424 0.957385 0.961462 0.348445
0.068019 0.000010 0.836390 0.921106 0.289988
0.844443 0.489761 0.999989 0.970396 0.999990
0.976371 0.553539 0.931969 0.229843 0.356417
0.247455 0.221156 0.808201 0.978519 0.999990
0.934349 0.936556 0.908209 0.999990 0.942660
0.922410 0.843464 0.744667 0.999990 0.923274
0.908284 0.999990 0.999990 0.999990 0.989058
0.491395 0.799441 0.617331 0.466443 0.704067
0.881852 0.740831 0.655697 0.377054 0.556450
0.521349 0.484361 0.485915 0.518986 0.499810
0.710653 0.999990 0.958815 0.986233 0.735298
0.999990 0.999990 0.765878 0.594602 0.866696
0.489838 0.999990 0.580063 0.687353 0.543255
0.124477 0.900967 0.768182 0.851301 0.946621
0.487479 0.850568 0.665364 0.999990 0.907946
0.902118 0.999990 0.805044 0.579720 0.303241
0.484208 0.194966 0.488337 0.872680 0.442292
0.814199 0.401867 0.798622 0.678668 0.859413
0.661051 0.999990 0.658213 0.508417 0.991057
0.874433 0.999990 0.900822 0.999990 0.748354
0.847492 0.999990 0.959836 0.796884 0.999990
0.900847 0.999990 0.888620 0.947692 0.799390
0.508613 0.999990 0.903400 0.725086 0.793217
0.914520 0.132215 0.462526 0.597635 0.945985
0.774116 0.999990 0.999990 0.999990 0.999990
0.798837 0.999990 0.911177 0.959379 0.955661
0.374263 0.294572 0.543831 0.744202 0.944879
0.988462 0.687543 0.862112 0.878716 0.999990
0.638166 0.999990 0.777719 0.665732 0.740904
0.326001 0.432642 0.977257 0.500460 0.158419
0.689235 0.211629 0.595032 0.806964 0.514951
0.845865 0.895287 0.945502 0.966168 0.913230
0.903678 0.868735 0.976665 0.991011 0.932567
0.867510 0.887960 0.999990 0.947602 0.979021
0.961194 0.867078 0.967802 0.999990 0.890580
0.882921 0.999990 0.981618 0.973294 0.926992
0.299084 0.000010 0.950915 0.803434 0.635390
0.540639 0.200086 0.507646 0.883443 0.438073
0.934105 0.999990 0.477248 0.864314 0.660621
0.992200 0.992229 0.999990 0.817695 0.990477
0.989231 0.939185 0.999990 0.595341 0.990382
0.643105 0.403415 0.868635 0.958594 0.000010
0.982620 0.923047 0.999990 0.757038 0.999990
0.488106 0.616647 0.592379 0.453823 0.559381
0.999990 0.999990 0.798268 0.897979 0.964987
0.951258 0.954456 0.921548 0.887070 0.954041
0.999990 0.999990 0.383429 0.931931 0.270442
0.741543 0.200158 0.354347 0.441043 0.708382
0.696499 0.000010 0.962630 0.747997 0.483274
0.647781 0.315013 0.916170 0.617392 0.040185
0.957717 0.999990 0.999990 0.945627 0.999990
0.446648 0.945130 0.627211 0.589547 0.963865
0.995429 0.422468 0.602276 0.549202 0.182487
0.710296 0.999990 0.848165 0.999990 0.685997
0.742846 0.272881 0.789854 0.451778 0.903512
0.289302 0.790311 0.547007 0.717829 0.514604
0.562846 0.672375 0.660759 0.944941 0.586118
0.961685 0.978331 0.881040 0.881790 0.886982
0.633736 0.999990 0.845425 0.939625 0.858638
0.497187 0.322165 0.917422 0.924150 0.522947
0.817181 0.999990 0.339376 0.362313 0.835956
0.823033 0.802004 0.936615 0.981286 0.999990
0.955023 0.999990 0.920434 0.958929 0.924521
0.735277 0.739001 0.739062 0.945001 0.635205
0.881192 0.992505 0.920499 0.940701 0.931330
0.583459 0.407432 0.584685 0.615397 0.499965
0.703121 0.683657 0.735250 0.776582 0.706437
0.869520 0.819704 0.874404 0.977162 0.914514
0.657170 0.654403 0.557188 0.999990 0.628762
0.894302 0.769049 0.802670 0.883057 0.840814
0.558332 0.538132 0.528486 0.592222 0.478893
0.933404 0.741020 0.761188 0.853447 0.800238
0.850297 0.885751 0.899268 0.917216 0.884425
0.912867 0.909708 0.851998 0.988970 0.908097
0.906468 0.878432 0.801681 0.995067 0.924958
0.879936 0.999990 0.858968 0.999990 0.999990
