0.931567 0.892398 0.810360 0.999990 0.860985 0.973687
0.999990 0.340907 0.149155 0.945983 0.999990 0.767354
0.999990 0.964173 0.890818 0.934819 0.932456 0.866376
0.961294 0.780845 0.813432 0.979779 0.912792 0.940104
0.999990 0.861482 0.613715 0.901296 0.874408 0.840997
0.081128 0.174981 0.999990 0.673741 0.935298 0.410085
0.999990 0.622538 0.844589 0.166807 0.782900 0.595893
0.880128 0.999990 0.195320 0.882916 0.228431 0.974268
0.999990 0.000010 0.747363 0.345939 0.424554 0.884250
0.900715 0.891041 0.975260 0.963248 0.970824 0.954512
0.821669 0.999990 0.982222 0.684488 0.957878 0.999990
0.531266 0.921872 0.999990 0.964394 0.442360 0.025464
0.999990 0.000010 0.999990 0.659939 0.999990 0.891108
0.985918 0.992209 0.922169 0.802267 0.973823 0.999990
0.998797 0.999990 0.862237 0.854715 0.999990 0.631384
0.517700 0.995063 0.836878 0.145464 0.808995 0.451458
0.791455 0.961300 0.999990 0.863697 0.774839 0.370551
0.668973 0.447158 0.806540 0.262903 0.732031 0.375825
0.703360 0.963923 0.999990 0.830845 0.843460 0.775644
0.873150 0.963725 0.953852 0.937963 0.947715 0.868609
0.861150 0.968074 0.978502 0.854805 0.939087 0.937182
0.949857 0.794287 0.966560 0.947969 0.999990 0.904622
0.899949 0.883457 0.929045 0.999990 0.929442 0.954483
0.954665 0.125738 0.000010 0.698369 0.850008 0.848697
0.999990 0.999990 0.618684 0.765280 0.999990 0.999990
0.925478 0.999990 0.999990 0.981848 0.850813 0.780091
0.879410 0.999990 0.999990 0.919940 0.844793 0.954223
0.668964 0.999990 0.999990 0.919163 0.795562 0.847676
0.832144 0.999990 0.862792 0.119685 0.750323 0.639319
0.954416 0.408464 0.000010 0.794012 0.764995 0.772945
0.617172 0.470600 0.999990 0.999990 0.748390 0.789907
0.795272 0.632734 0.888364 0.586979 0.653503 0.748709
0.999990 0.615407 0.903350 0.782185 0.955785 0.895826
0.148126 0.528999 0.826477 0.634394 0.850125 0.738988
0.645492 0.861489 0.999990 0.999990 0.826868 0.999990
0.511354 0.355585 0.231482 0.612804 0.909778 0.383260
0.076637 0.999990 0.367637 0.687389 0.889718 0.541675
0.999990 0.434960 0.999990 0.647890 0.412251 0.953830
0.566160 0.969807 0.999990 0.589071 0.000010 0.640514
0.999990 0.986072 0.171312 0.966934 0.707323 0.999990
0.988651 0.433702 0.861524 0.999990 0.999990 0.941937
0.721300 0.515943 0.000010 0.562987 0.283176 0.973648
0.969736 0.999990 0.999990 0.999990 0.644234 0.999990
0.999990 0.999990 0.999990 0.999990 0.650621 0.999990
0.715968 0.905321 0.893236 0.801184 0.960667 0.860390
0.777550 0.000010 0.562806 0.430238 0.345131 0.865178
0.999990 0.999990 0.999990 0.933558 0.763000 0.999990
0.991918 0.999990 0.999990 0.840779 0.999990 0.999990
0.780235 0.950912 0.928397 0.365154 0.354089 0.930555
0.963859 0.247517 0.280811 0.999990 0.148016 0.827100
0.897623 0.999990 0.729336 0.701752 0.641767 0.840508
0.999990 0.999990 0.446635 0.916253 0.959515 0.999990
0.002985 0.975725 0.999990 0.714612 0.935823 0.473377
0.576022 0.570627 0.480847 0.537903 0.589491 0.538240
0.912246 0.912242 0.988090 0.972634 0.921531 0.970333
0.657993 0.669382 0.581920 0.516031 0.530492 0.525379
0.541138 0.128950 0.844591 0.860201 0.831819 0.509798
0.932937 0.221196 0.741687 0.445793 0.941247 0.813547
0.367821 0.799788 0.999990 0.744308 0.160370 0.972492
0.404258 0.602055 0.584250 0.720609 0.230227 0.620429
0.316120 0.421127 0.999990 0.870757 0.977434 0.874444
0.937142 0.651556 0.999990 0.707538 0.999562 0.942567
0.917498 0.728319 0.000010 0.622973 0.871157 0.747582
0.797614 0.999990 0.999990 0.912063 0.893181 0.677821
0.999990 0.000010 0.999990 0.941088 0.999990 0.815085
0.999990 0.999990 0.773996 0.557669 0.503395 0.999990
0.657201 0.955032 0.997813 0.842078 0.927162 0.999990
0.999990 0.540041 0.999990 0.479884 0.940559 0.780965
0.959488 0.950263 0.999990 0.767573 0.870738 0.977473
0.831010 0.879695 0.957041 0.947274 0.987385 0.999990
0.665332 0.454154 0.638282 0.270905 0.390222 0.849315
0.846413 0.903882 0.830074 0.790303 0.638875 0.796608
0.977107 0.999990 0.862512 0.934554 0.944423 0.878678
0.972152 0.999990 0.999990 0.948162 0.760973 0.999990
0.999990 0.999990 0.737319 0.999990 0.714412 0.990012
0.944623 0.999990 0.067358 0.462914 0.087513 0.886303
0.845039 0.033085 0.000010 0.503578 0.379346 0.705436
0.999990 0.271474 0.999990 0.999990 0.986215 0.908144
0.982781 0.239002 0.224957 0.312291 0.596384 0.725947
0.726105 0.397368 0.777923 0.445546 0.394200 0.587344
0.934984 0.999990 0.658519 0.768689 0.980284 0.999990
0.939393 0.999990 0.963574 0.692563 0.987374 0.999990
0.767136 0.000010 0.000010 0.460169 0.635246 0.667144
0.992455 0.717673 0.749612 0.757104 0.986524 0.999990
0.489649 0.676336 0.000010 0.186569 0.999990 0.432631
0.999990 0.613280 0.366648 0.668404 0.975275 0.627169
0.999990 0.997896 0.999990 0.906882 0.651786 0.999990
0.999990 0.780740 0.331825 0.999990 0.999990 0.752223
0.961619 0.680388 0.897919 0.923180 0.999990 0.999990
0.109539 0.455995 0.999990 0.899085 0.877106 0.573417
0.786135 0.915871 0.999990 0.844113 0.302473 0.935935
0.864000 0.999990 0.999990 0.768854 0.964651 0.842085
0.999990 0.013379 0.999990 0.924113 0.999990 0.824347
0.476949 0.692835 0.999990 0.804336 0.207190 0.993906
0.999990 0.024024 0.000010 0.999990 0.981410 0.874262
0.644555 0.543749 0.000010 0.952238 0.553013 0.822055
0.999990 0.999990 0.999990 0.640770 0.963901 0.999990
0.776073 0.999990 0.999990 0.923842 0.829052 0.957100
0.794196 0.513286 0.999990 0.908099 0.686225 0.612039
0.442315 0.994465 0.917765 0.954729 0.894910 0.501613
0.999990 0.216218 0.497981 0.298146 0.999990 0.518692
0.676212 0.674349 0.099973 0.443306 0.000010 0.999990
0.669177 0.911150 0.670118 0.414042 0.558897 0.985286
0.895108 0.156528 0.250970 0.419543 0.692477 0.668661
0.652739 0.999990 0.000010 0.417318 0.868082 0.854061
0.763323 0.832810 0.860640 0.936682 0.670405 0.999990
0.936921 0.999990 0.999990 0.319951 0.461967 0.669105
0.999990 0.984326 0.999990 0.821106 0.989536 0.999990
0.999990 0.999990 0.202551 0.692791 0.999990 0.999990
0.512630 0.162447 0.999990 0.755897 0.817063 0.769872
0.999990 0.999990 0.999990 0.681491 0.965737 0.999990
0.613030 0.499832 0.591951 0.629143 0.257402 0.670999
0.864175 0.999990 0.316136 0.659222 0.596698 0.793801
0.982163 0.568597 0.859896 0.679232 0.618116 0.817586
0.604355 0.999990 0.797355 0.960001 0.730320 0.999990
0.141539 0.511489 0.999990 0.999990 0.503473 0.236626
0.999990 0.999990 0.544336 0.455912 0.873094 0.999990
0.841046 0.749597 0.176638 0.251882 0.134799 0.821280
0.892604 0.000010 0.999990 0.806358 0.803228 0.834146
0.824222 0.857397 0.999990 0.999990 0.957124 0.856684
0.999990 0.000010 0.054414 0.062067 0.999990 0.733365
0.999990 0.427156 0.999990 0.653675 0.828656 0.841798
0.812929 0.707689 0.999990 0.620891 0.917134 0.597071
0.961131 0.635513 0.976320 0.653909 0.999292 0.803415
0.999990 0.146680 0.999990 0.894902 0.999990 0.742855
0.290062 0.951682 0.306811 0.707139 0.718093 0.146221
0.405431 0.065270 0.999990 0.688208 0.725701 0.365704
0.962006 0.999990 0.999990 0.993057 0.528908 0.961591
0.262134 0.999990 0.999990 0.876443 0.903473 0.674690
0.999990 0.999990 0.999990 0.999990 0.390002 0.575579
0.774662 0.999990 0.999990 0.864210 0.811794 0.915358
0.230165 0.999990 0.999990 0.972771 0.925875 0.422888
0.687487 0.225414 0.892691 0.791205 0.321359 0.468059
0.883749 0.999990 0.999990 0.999990 0.505363 0.999990
0.999990 0.555603 0.881497 0.575885 0.343211 0.980347
0.898005 0.999169 0.999990 0.999990 0.553539 0.807495
0.731814 0.726279 0.776170 0.747222 0.807653 0.791786
0.517557 0.774092 0.953686 0.849508 0.224494 0.510092
0.590152 0.965539 0.933773 0.809557 0.901479 0.382696
0.606860 0.000010 0.826498 0.496148 0.491211 0.557828
0.373781 0.096625 0.999990 0.810117 0.919753 0.374779
0.448994 0.726547 0.653733 0.781672 0.344771 0.650701
0.999990 0.934275 0.798982 0.635004 0.965930 0.999990
0.999990 0.999990 0.918122 0.782530 0.942734 0.999990
0.994769 0.999990 0.857132 0.879035 0.640071 0.996405
0.165443 0.845617 0.999990 0.833913 0.859196 0.326445
0.734954 0.755362 0.651817 0.772950 0.999990 0.999990
0.988250 0.352180 0.999990 0.982662 0.999990 0.891208
0.622902 0.999990 0.999990 0.999990 0.522668 0.884575
0.999990 0.999990 0.999990 0.936621 0.438004 0.999990
0.999990 0.999990 0.999990 0.949156 0.832287 0.999990
0.971807 0.626164 0.689754 0.500206 0.857667 0.768713
0.999990 0.999990 0.999990 0.701088 0.901910 0.999990
0.999990 0.151504 0.386980 0.710251 0.924322 0.900646
0.594331 0.709164 0.686555 0.694841 0.512181 0.741755
0.130527 0.617206 0.964616 0.940974 0.466777 0.270880
0.842288 0.730663 0.712189 0.822235 0.799112 0.800806
0.999990 0.999990 0.919741 0.851183 0.744605 0.999990
0.412078 0.999990 0.500422 0.992402 0.144771 0.356172
0.616469 0.125319 0.376334 0.404317 0.900218 0.759718
0.999990 0.999990 0.442883 0.969062 0.545188 0.999990
0.610201 0.757580 0.913498 0.590133 0.000010 0.999990
0.737481 0.915067 0.999990 0.964176 0.999990 0.999990
0.928691 0.977254 0.323987 0.999990 0.999990 0.918424
0.999990 0.999990 0.999990 0.500053 0.966417 0.999990
0.962206 0.920362 0.748344 0.949816 0.930020 0.751774
0.938781 0.939065 0.999990 0.905901 0.880856 0.979504
0.999990 0.905319 0.322900 0.371557 0.671034 0.982105
0.953686 0.487587 0.166840 0.000010 0.972752 0.936019
0.627014 0.981471 0.518207 0.541538 0.474604 0.238736
0.999990 0.602705 0.999990 0.728444 0.978686 0.962544
0.990767 0.935510 0.936613 0.979041 0.970424 0.877450
0.969416 0.971545 0.499241 0.947519 0.999990 0.932671
0.618618 0.605234 0.530266 0.303755 0.976653 0.641765
0.999990 0.966181 0.999990 0.631215 0.985935 0.999990
0.903137 0.967759 0.999990 0.947306 0.967408 0.926771
0.643531 0.489305 0.999990 0.815191 0.112362 0.531303
0.999990 0.455989 0.999990 0.999990 0.999990 0.835369
0.519836 0.649050 0.839146 0.908719 0.873567 0.668485
0.949892 0.866761 0.999990 0.946999 0.960658 0.986176
0.564178 0.302496 0.291517 0.694591 0.119286 0.901147
0.766979 0.631618 0.740270 0.693642 0.592309 0.660529
0.930579 0.934981 0.876828 0.920133 0.912844 0.879114
0.474703 0.856792 0.999990 0.970230 0.846226 0.516204
0.667566 0.827935 0.116071 0.895544 0.620844 0.403520
0.460141 0.950540 0.999990 0.999990 0.888716 0.611916
0.999990 0.418174 0.916973 0.824607 0.936683 0.967613
0.589543 0.999990 0.914068 0.654258 0.162434 0.610408
0.999990 0.999984 0.975512 0.824342 0.999990 0.999990
0.857629 0.129206 0.037653 0.450957 0.804924 0.768727
0.873534 0.999990 0.988615 0.970490 0.999990 0.999990
0.958340 0.586489 0.999990 0.802882 0.489126 0.853265
0.452526 0.714617 0.724626 0.590955 0.985825 0.270406
0.931835 0.969892 0.982588 0.918433 0.920528 0.975589
0.929336 0.896834 0.952538 0.881994 0.924906 0.969184
0.028233 0.999990 0.999990 0.684264 0.753994 0.301439
0.665807 0.847200 0.154034 0.766017 0.255499 0.758340
0.999990 0.942788 0.582468 0.826915 0.992734 0.943414
0.358646 0.000010 0.056633 0.544452 0.819858 0.784049
0.846392 0.988650 0.505726 0.204068 0.753387 0.923003
0.936920 0.374803 0.000010 0.114752 0.610396 0.665110
0.999987 0.999990 0.999990 0.816398 0.554762 0.999990
0.965281 0.900560 0.999990 0.864431 0.909821 0.986390
0.790776 0.999990 0.999990 0.999990 0.874310 0.803975
0.999990 0.629474 0.817227 0.803788 0.999990 0.999990
0.642359 0.999990 0.999990 0.785691 0.974328 0.999990
0.967362 0.867771 0.999990 0.873476 0.941226 0.948735
0.942179 0.966984 0.942689 0.905232 0.973677 0.931124
0.916371 0.964183 0.903628 0.940283 0.933908 0.879248
0.963869 0.999990 0.926798 0.886376 0.935856 0.864987
0.977335 0.971612 0.969741 0.939288 0.962481 0.884044
0.950017 0.997615 0.940433 0.938628 0.893123 0.893785
0.897984 0.999990 0.969743 0.909586 0.922551 0.967594
0.948862 0.782933 0.526556 0.653299 0.563928 0.731253
0.699643 0.359677 0.498058 0.513797 0.485650 0.565555
0.940275 0.999990 0.477545 0.476735 0.209035 0.601434
0.298864 0.920918 0.433100 0.866302 0.503192 0.290573
0.551223 0.999990 0.999990 0.945001 0.967755 0.796871
0.886705 0.990431 0.865191 0.950428 0.999990 0.811639
0.999990 0.766643 0.999990 0.814584 0.991720 0.685350
0.799707 0.999990 0.782387 0.822370 0.499471 0.425746
0.665857 0.881189 0.000010 0.188084 0.414099 0.755677
0.926004 0.893281 0.904419 0.942366 0.948157 0.999990
0.939122 0.937076 0.902969 0.946877 0.932957 0.971596
0.938499 0.989087 0.904925 0.953793 0.962940 0.907112
0.978988 0.964595 0.921090 0.880381 0.916957 0.872436
0.952772 0.956702 0.924257 0.924191 0.922782 0.944716
0.893268 0.897340 0.975241 0.955885 0.954004 0.963497
0.897945 0.999990 0.971056 0.887583 0.939075 0.926072
0.972563 0.856961 0.956579 0.942257 0.979412 0.931423
0.928171 0.999990 0.981314 0.957213 0.914014 0.900215
0.993255 0.857006 0.931563 0.962155 0.894840 0.971795
0.955620 0.965039 0.975049 0.948011 0.916996 0.890752
0.986359 0.949666 0.808684 0.999990 0.928830 0.934741
0.999990 0.999990 0.391822 0.840234 0.608451 0.999990
0.999990 0.999990 0.267922 0.788631 0.971233 0.999990
0.999990 0.999990 0.999990 0.999990 0.639433 0.999990
0.517092 0.889048 0.424500 0.734687 0.426987 0.256048
0.980004 0.999990 0.999990 0.777563 0.999990 0.999990
0.915781 0.917443 0.957137 0.957822 0.930739 0.845486
0.941953 0.950171 0.935818 0.939714 0.907482 0.927916
0.281583 0.999990 0.999990 0.892902 0.553762 0.268508
0.902233 0.986808 0.874006 0.974642 0.916173 0.902634
0.921114 0.999990 0.835987 0.955348 0.956169 0.896740
0.918696 0.999990 0.898967 0.951885 0.894430 0.949653
0.911672 0.818584 0.999990 0.935192 0.911644 0.959177
0.912392 0.964089 0.922028 0.962098 0.974762 0.996801
0.928491 0.772168 0.944652 0.937104 0.901894 0.946121
0.970851 0.906328 0.992561 0.915361 0.911156 0.861434
0.926924 0.869271 0.874869 0.958571 0.930238 0.932089
0.709968 0.000010 0.000010 0.122107 0.799428 0.954181
0.971792 0.999990 0.720473 0.793340 0.902843 0.999990
0.666662 0.999990 0.999990 0.881593 0.857490 0.911904
0.999990 0.999990 0.741533 0.633500 0.965569 0.999990
0.999990 0.719827 0.999990 0.517849 0.631759 0.762808
0.324612 0.999990 0.999990 0.999990 0.855268 0.458446
0.430892 0.983015 0.570326 0.999990 0.983421 0.868981
0.981168 0.999990 0.999990 0.799522 0.876481 0.864550
0.926813 0.894245 0.808933 0.816148 0.900469 0.893113
0.999990 0.479665 0.000010 0.413680 0.999990 0.999990
0.859986 0.865119 0.966962 0.854738 0.880827 0.893861
0.773794 0.999990 0.443437 0.847707 0.398668 0.859976
0.999990 0.984821 0.291188 0.562926 0.595050 0.999990
0.886714 0.999990 0.999990 0.996133 0.281738 0.999990
0.605680 0.884905 0.999990 0.980804 0.637115 0.489038
0.940225 0.999990 0.999990 0.911470 0.550024 0.856966
0.999990 0.999990 0.388776 0.917719 0.999990 0.999990
0.798474 0.873502 0.999990 0.904867 0.407761 0.924643
0.588495 0.886672 0.999990 0.999990 0.759331 0.855189
0.999990 0.999990 0.999990 0.848529 0.626693 0.999990
0.509320 0.999990 0.999990 0.668735 0.413834 0.699612
0.311834 0.999990 0.999990 0.668866 0.486965 0.772178
0.170189 0.999990 0.999990 0.999990 0.185771 0.735613
0.840435 0.993228 0.999990 0.999990 0.911091 0.993355
0.975932 0.000010 0.224587 0.261001 0.960736 0.413609
0.999990 0.843828 0.999990 0.739427 0.976626 0.651856
0.999990 0.623339 0.999990 0.999990 0.991472 0.941780
0.792739 0.645171 0.999990 0.614822 0.731650 0.455623
0.999990 0.622432 0.350773 0.772209 0.836352 0.980562
0.924789 0.839282 0.508369 0.999990 0.999990 0.414774
0.789538 0.788521 0.981337 0.930936 0.977933 0.799898
0.662106 0.974312 0.999990 0.798814 0.630460 0.776727
0.999990 0.523130 0.999990 0.999990 0.999990 0.999990
0.607351 0.999990 0.999990 0.999990 0.915328 0.819880
0.204337 0.709141 0.427400 0.931523 0.652353 0.922090
0.999990 0.999990 0.670249 0.775043 0.945014 0.999990
0.927824 0.999990 0.999990 0.775526 0.999990 0.939775
0.999990 0.990681 0.867754 0.683380 0.968651 0.744325
0.841109 0.825201 0.999990 0.999990 0.999990 0.999990
0.843616 0.999990 0.999990 0.546257 0.676163 0.946040
0.999990 0.857767 0.626820 0.775363 0.999990 0.999990
0.730130 0.999990 0.419316 0.928752 0.620296 0.754477
0.810755 0.958520 0.896377 0.999990 0.962765 0.906985
0.674991 0.906551 0.892484 0.932955 0.681972 0.285424
0.629896 0.683908 0.999990 0.999990 0.164815 0.275538
0.933206 0.990300 0.999990 0.945077 0.999990 0.999990
0.776466 0.356788 0.000010 0.391405 0.650249 0.493105
0.999990 0.999990 0.999990 0.445268 0.658668 0.890697
0.343734 0.656993 0.999990 0.999990 0.966976 0.424739
0.827376 0.999990 0.999990 0.999990 0.205933 0.935279
0.938349 0.000010 0.348456 0.750265 0.817707 0.893257
0.557143 0.875806 0.623356 0.581936 0.456575 0.702347
0.780813 0.301819 0.462053 0.824341 0.527835 0.196227
0.473417 0.999990 0.521565 0.205318 0.999990 0.892687
0.721468 0.641202 0.371609 0.458977 0.666280 0.500877
0.035985 0.154509 0.769875 0.763536 0.835458 0.906192
0.702125 0.966680 0.296287 0.840098 0.000010 0.547656
0.727408 0.702807 0.999990 0.987583 0.629380 0.419460
0.999990 0.480875 0.766713 0.753806 0.999990 0.915715
0.325835 0.625107 0.999990 0.983709 0.868291 0.897137
0.999990 0.999990 0.896745 0.889980 0.958896 0.778749
0.999990 0.429110 0.999990 0.983598 0.999990 0.999990
0.266549 0.653557 0.560210 0.915234 0.729623 0.416993
0.981639 0.999990 0.440724 0.476316 0.956365 0.810316
0.930290 0.999990 0.999990 0.929353 0.917489 0.931358
0.965819 0.918145 0.965370 0.831140 0.880884 0.979899
0.907747 0.999990 0.945465 0.957615 0.929136 0.929795
0.872593 0.839138 0.786961 0.901351 0.858371 0.900232
0.921135 0.914995 0.955311 0.896090 0.931744 0.976515
0.993230 0.988232 0.875525 0.862481 0.967621 0.940579
0.688384 0.711112 0.598767 0.829335 0.801070 0.676439
0.863017 0.724575 0.841506 0.959035 0.850135 0.925882
0.789128 0.878828 0.876580 0.897732 0.821565 0.903381
0.863780 0.916220 0.930013 0.957684 0.936366 0.934784
0.900617 0.758295 0.852411 0.915892 0.861103 0.895006
0.927061 0.969779 0.921121 0.925976 0.945640 0.942647
0.890626 0.865532 0.949891 0.852018 0.904746 0.885254
0.752230 0.795185 0.708709 0.834213 0.826196 0.860195
0.909645 0.984708 0.926416 0.964575 0.936351 0.927477
0.939472 0.917144 0.929559 0.941752 0.973902 0.961071
0.866891 0.802671 0.802475 0.699080 0.975115 0.896235
0.999990 0.273302 0.471861 0.999990 0.969847 0.779324
0.189714 0.025142 0.999990 0.682433 0.962849 0.513316
0.999990 0.992349 0.831126 0.593118 0.992424 0.999990
0.875604 0.227379 0.872350 0.999990 0.955744 0.689236
0.999990 0.999990 0.372341 0.999990 0.999990 0.999990
0.999990 0.999990 0.999990 0.954905 0.474547 0.999990
0.918340 0.920305 0.932586 0.999990 0.959476 0.969883
0.636779 0.845030 0.917239 0.757439 0.383289 0.737629
0.362635 0.594830 0.999990 0.746366 0.756442 0.447357
0.999990 0.005526 0.000010 0.109959 0.582695 0.778760
0.983061 0.978545 0.855249 0.999990 0.944815 0.897179
0.999990 0.485644 0.138790 0.999990 0.178835 0.733261
0.796939 0.995801 0.810892 0.951672 0.871063 0.911778
0.920989 0.999990 0.999990 0.670233 0.155046 0.895539
0.889947 0.006369 0.999990 0.619349 0.418264 0.786544
0.959985 0.887084 0.856056 0.914577 0.999134 0.972151
0.808803 0.054527 0.000010 0.516839 0.367813 0.851926
0.649670 0.999990 0.999990 0.930143 0.605887 0.736075
0.671455 0.834885 0.999990 0.425180 0.978154 0.680057
0.999990 0.532016 0.046722 0.776841 0.792427 0.894552
0.306397 0.590179 0.999990 0.659066 0.969112 0.790149
0.522921 0.999990 0.000010 0.358853 0.812932 0.911898
0.947597 0.904088 0.864582 0.999990 0.932168 0.902957
0.958550 0.947704 0.918833 0.882191 0.980641 0.921676
0.941379 0.949429 0.977958 0.994138 0.946921 0.930991
0.923700 0.952595 0.959861 0.977170 0.943643 0.949170
0.748836 0.999990 0.883742 0.443104 0.760039 0.980415
0.978415 0.912049 0.910009 0.968603 0.969912 0.945555
0.970131 0.916198 0.832388 0.999990 0.940880 0.890354
0.908966 0.873142 0.920951 0.999990 0.908559 0.886770
0.991085 0.895799 0.939095 0.981443 0.912336 0.958456
0.951525 0.867722 0.921398 0.963060 0.919655 0.919927
0.479534 0.314893 0.894121 0.669171 0.769690 0.501745
0.761129 0.364046 0.307902 0.993903 0.148660 0.492319
0.995017 0.448529 0.052802 0.058718 0.916092 0.864840
0.995193 0.999990 0.313220 0.950689 0.702127 0.999990
0.999990 0.999990 0.839488 0.804306 0.679806 0.975075
0.713956 0.999990 0.999990 0.999990 0.935765 0.953404
0.903776 0.101912 0.148610 0.747398 0.999990 0.861160
0.680785 0.987711 0.999990 0.605333 0.855864 0.769678
0.711130 0.919436 0.701550 0.933695 0.273783 0.986645
0.000010 0.564751 0.999990 0.979121 0.999990 0.224056
0.156061 0.946595 0.618356 0.621397 0.370306 0.717016
0.999990 0.003352 0.448466 0.379670 0.928475 0.761886
0.503628 0.500435 0.999990 0.612788 0.113793 0.756576
0.919959 0.851165 0.300387 0.640768 0.166452 0.558394
0.999990 0.999990 0.225035 0.821905 0.999990 0.999990
0.840751 0.424228 0.302088 0.648764 0.989405 0.879740
0.800793 0.382164 0.451605 0.290418 0.171007 0.832576
0.960618 0.999990 0.869283 0.988680 0.931345 0.918884
0.946500 0.975830 0.197505 0.057707 0.095913 0.991493
0.980890 0.070710 0.953337 0.183453 0.782904 0.750941
0.999990 0.999990 0.795385 0.881764 0.473172 0.999990
0.329713 0.912757 0.412402 0.621299 0.390264 0.592643
0.488351 0.625122 0.719805 0.305584 0.659065 0.423363
0.306946 0.999990 0.409666 0.860795 0.289318 0.524081
0.999990 0.740955 0.948720 0.909149 0.999990 0.879657
0.845677 0.188484 0.831776 0.512895 0.445892 0.770972
0.999990 0.999990 0.999990 0.952427 0.557536 0.999990
0.999990 0.999990 0.517587 0.999990 0.817676 0.958904
0.999990 0.559202 0.707983 0.685917 0.999990 0.980818
0.999990 0.587133 0.962352 0.872031 0.999990 0.967773
0.912697 0.315518 0.655405 0.945405 0.626677 0.346815
0.845519 0.999990 0.999990 0.908664 0.999990 0.999990
0.839285 0.999990 0.999990 0.996461 0.792335 0.988278
0.969730 0.000010 0.000010 0.134403 0.467882 0.870272
0.999990 0.396054 0.999990 0.843322 0.950177 0.785018
0.902800 0.889454 0.999990 0.714216 0.892487 0.835610
0.547972 0.459269 0.603640 0.621178 0.555132 0.551306
0.999990 0.651332 0.674196 0.633386 0.668358 0.714022
0.880837 0.833253 0.999990 0.999990 0.926102 0.899431
0.926307 0.999990 0.668123 0.956726 0.723462 0.931913
0.851594 0.753166 0.987950 0.937936 0.964329 0.969078
0.883787 0.146783 0.578352 0.193641 0.844293 0.505998
0.510348 0.999990 0.402821 0.447015 0.225602 0.669636
0.935144 0.188849 0.900671 0.399073 0.998855 0.999990
0.788768 0.672743 0.999990 0.999990 0.575981 0.999990
0.999990 0.999990 0.879755 0.754821 0.938826 0.999990
0.970964 0.999990 0.353303 0.782572 0.999990 0.975610
0.532988 0.999990 0.355639 0.000010 0.948275 0.377554
0.960529 0.999990 0.454415 0.999990 0.731961 0.999990
0.999990 0.545889 0.999990 0.934901 0.999990 0.688658
0.971236 0.999990 0.999990 0.907691 0.773710 0.993518
0.920190 0.998491 0.999990 0.999990 0.721767 0.979395
0.728912 0.942892 0.999990 0.826656 0.234670 0.111937
0.721533 0.133469 0.999990 0.901885 0.811364 0.544537
0.628156 0.786122 0.256874 0.989243 0.025304 0.437938
0.886378 0.904368 0.999990 0.988979 0.955652 0.975002
0.558551 0.999990 0.827087 0.999990 0.999990 0.837798
0.739575 0.918454 0.999990 0.999990 0.754424 0.888348
0.999990 0.418380 0.428421 0.456200 0.999990 0.851082
0.816102 0.999990 0.848703 0.788396 0.705484 0.995180
0.868913 0.999990 0.909141 0.631996 0.999990 0.989328
0.904783 0.875792 0.846240 0.893920 0.906920 0.886312
0.944295 0.969535 0.944191 0.939624 0.904479 0.944597
0.916060 0.899536 0.925125 0.897297 0.937876 0.963493
0.910073 0.982774 0.941579 0.961771 0.931111 0.972744
0.967830 0.948495 0.927554 0.890393 0.904775 0.905908
0.901430 0.907297 0.938435 0.999990 0.932894 0.918414
0.880561 0.874988 0.954926 0.916945 0.939074 0.927305
0.902405 0.960647 0.894840 0.951514 0.936438 0.977144
0.925636 0.999990 0.959730 0.897929 0.917729 0.852735
0.940769 0.867827 0.902424 0.948298 0.873325 0.845077
0.946119 0.991223 0.867127 0.923048 0.980340 0.875927
0.926123 0.877475 0.826367 0.979397 0.940940 0.969373
0.839982 0.999990 0.861773 0.965117 0.915079 0.998762
0.903546 0.820760 0.877542 0.952644 0.906982 0.962131
0.957506 0.994249 0.908907 0.995754 0.906221 0.923754
0.951716 0.785959 0.833181 0.964641 0.882356 0.969839
0.989275 0.902271 0.942275 0.896650 0.936228 0.884381
0.950896 0.951729 0.956209 0.847122 0.926145 0.916598
0.907431 0.957801 0.917884 0.956019 0.885482 0.929651
0.948923 0.944869 0.912041 0.953107 0.938951 0.946527
0.855898 0.898896 0.830387 0.950993 0.898528 0.945713
0.870298 0.809705 0.864164 0.865066 0.863089 0.798140
0.944554 0.933882 0.816956 0.980673 0.943041 0.873549
0.891575 0.963753 0.948070 0.863718 0.863074 0.900497
0.029925 0.862981 0.765279 0.204101 0.933781 0.628989
0.888689 0.927198 0.969467 0.914442 0.946305 0.920405
0.883621 0.898337 0.939603 0.945991 0.878329 0.871780
0.740368 0.867353 0.676099 0.947591 0.819587 0.767384
0.902963 0.876614 0.999990 0.951619 0.942472 0.999990
0.973381 0.985848 0.934137 0.892424 0.906434 0.951114
0.855316 0.902847 0.774675 0.861791 0.871426 0.772990
0.964683 0.930474 0.857313 0.921617 0.945892 0.936153
0.961425 0.827686 0.936094 0.832600 0.926187 0.910255
0.907336 0.978514 0.872961 0.966695 0.944472 0.969601
0.672602 0.955810 0.867628 0.913576 0.035464 0.228785
0.597499 0.934141 0.000010 0.774165 0.000010 0.968098
0.229865 0.743036 0.899008 0.819010 0.878622 0.161253
0.999990 0.999990 0.999990 0.999990 0.752686 0.999990
0.999990 0.999990 0.634752 0.456435 0.502127 0.964891
0.562915 0.999990 0.663313 0.939268 0.386550 0.465725
0.999990 0.283751 0.379402 0.249322 0.999990 0.887954
0.659232 0.999990 0.413126 0.810561 0.366568 0.178698
0.967715 0.443378 0.999990 0.975707 0.999990 0.907554
0.753215 0.761683 0.999990 0.912068 0.568214 0.519298
0.385626 0.928709 0.999990 0.868667 0.829127 0.472905
0.826763 0.926456 0.999990 0.999990 0.999990 0.976769
0.779701 0.477902 0.000010 0.000010 0.893562 0.690335
0.953682 0.414176 0.999990 0.880432 0.999990 0.898403
0.200385 0.677382 0.999990 0.999990 0.970598 0.748418
0.999990 0.999990 0.944044 0.692823 0.999990 0.999990
0.999990 0.954830 0.999990 0.556449 0.999990 0.999990
0.988694 0.999990 0.905548 0.911369 0.894846 0.999990
0.999990 0.106588 0.999990 0.999990 0.999990 0.933366
0.763441 0.999990 0.999990 0.903165 0.809196 0.821678
0.990476 0.999990 0.767193 0.981879 0.884323 0.999990
0.791218 0.815139 0.630633 0.807728 0.443392 0.406076
0.944983 0.139290 0.523469 0.774288 0.645496 0.378048
0.947651 0.877948 0.899473 0.927490 0.921044 0.891119
0.933735 0.999990 0.999990 0.915352 0.422961 0.981461
0.532464 0.999990 0.948638 0.697737 0.302525 0.384580
0.990947 0.000010 0.113793 0.053383 0.576018 0.861352
0.276128 0.953935 0.609308 0.709026 0.595404 0.211318
0.999990 0.990081 0.742383 0.777324 0.999990 0.999990
0.879571 0.978225 0.941637 0.879449 0.963506 0.919674
0.918480 0.936548 0.966828 0.923172 0.957086 0.991891
0.889113 0.974322 0.938913 0.848410 0.931923 0.896341
0.964883 0.968566 0.957014 0.915880 0.944069 0.953552
0.935183 0.913958 0.928726 0.945972 0.953353 0.900051
0.876505 0.999990 0.921302 0.947109 0.934839 0.854612
0.869216 0.960355 0.832644 0.870014 0.922157 0.883605
0.872123 0.909563 0.875794 0.866187 0.893988 0.895135
0.902380 0.870350 0.859814 0.993871 0.860764 0.939144
0.882288 0.940956 0.936449 0.898522 0.900158 0.907625
0.765474 0.999990 0.999990 0.904076 0.854960 0.744205
0.492292 0.999990 0.999990 0.641143 0.521789 0.946500
0.686124 0.023493 0.395530 0.764247 0.948017 0.636651
0.859377 0.853246 0.999990 0.999990 0.863744 0.982775
0.980814 0.233380 0.069280 0.184615 0.498270 0.637046
0.803820 0.883688 0.369232 0.246948 0.260429 0.648919
0.434214 0.972751 0.999990 0.889540 0.945784 0.720101
0.999990 0.093482 0.452099 0.570810 0.236432 0.818426
0.546726 0.089851 0.999990 0.736381 0.388652 0.617965
0.999990 0.999990 0.999990 0.769012 0.999990 0.999990
0.999990 0.233066 0.999990 0.999990 0.943143 0.992169
0.314440 0.436303 0.999990 0.985466 0.540384 0.614735
0.941102 0.886560 0.973002 0.938136 0.953889 0.973697
0.785963 0.354250 0.165186 0.637837 0.079694 0.771412
0.867742 0.773156 0.795481 0.842665 0.874246 0.885163
0.885149 0.920052 0.833654 0.929271 0.916272 0.877701
0.948580 0.904808 0.976708 0.965962 0.918294 0.962513
0.932876 0.841629 0.877788 0.843369 0.839114 0.896489
0.854907 0.931177 0.868605 0.989198 0.858792 0.814563
0.898865 0.882776 0.930120 0.878224 0.930321 0.889228
0.902156 0.931891 0.946804 0.915830 0.920551 0.941627
0.897083 0.908940 0.869372 0.856180 0.871060 0.799959
0.933935 0.937168 0.980117 0.937299 0.936737 0.901173
0.952265 0.934256 0.906126 0.999237 0.909253 0.929295
0.937740 0.968606 0.956913 0.876780 0.922344 0.909434
0.874975 0.958286 0.976475 0.929079 0.962479 0.990345
0.915656 0.966693 0.921064 0.976041 0.925000 0.972021
0.845422 0.807946 0.692565 0.871505 0.853099 0.785444
0.898487 0.886414 0.981480 0.924722 0.858271 0.970557
0.940105 0.957367 0.968380 0.942477 0.956983 0.946632
0.813366 0.858243 0.710006 0.811554 0.800587 0.817695
0.924696 0.849933 0.927143 0.978083 0.871956 0.843361
0.842612 0.928803 0.894397 0.907049 0.909874 0.872134
0.869855 0.914488 0.999865 0.907097 0.901338 0.975443
0.900352 0.999990 0.999990 0.944585 0.985592 0.894715
0.934308 0.846237 0.922228 0.856290 0.939671 0.946719
0.930007 0.907040 0.988088 0.932888 0.932635 0.904047
0.959591 0.929683 0.935316 0.967544 0.980509 0.892880
0.915486 0.902164 0.923460 0.999196 0.928712 0.999990
0.901871 0.927605 0.896600 0.771361 0.500460 0.999990
0.897164 0.999990 0.553708 0.649894 0.691376 0.999990
0.999990 0.999990 0.999990 0.996191 0.687348 0.999990
0.548707 0.935063 0.999990 0.999990 0.608099 0.999990
0.136235 0.664501 0.329141 0.203403 0.777941 0.994910
0.828270 0.622208 0.775115 0.368510 0.752622 0.000010
0.999990 0.999990 0.946343 0.510450 0.999990 0.999990
0.999990 0.592283 0.927851 0.749546 0.999990 0.627932
0.958414 0.953275 0.831735 0.698286 0.470608 0.952848
0.811904 0.636691 0.099548 0.528546 0.765377 0.961302
0.976601 0.853390 0.999990 0.999990 0.771241 0.951347
0.304172 0.168511 0.592341 0.296681 0.999990 0.583681
0.999990 0.927819 0.545234 0.441930 0.999990 0.879500
0.866095 0.999990 0.999990 0.990009 0.545364 0.786439
0.999990 0.999990 0.521448 0.889742 0.550692 0.872313
0.918657 0.999990 0.999990 0.851469 0.636497 0.999990
0.999990 0.999990 0.459553 0.691627 0.975661 0.999990
0.601702 0.999990 0.964385 0.394990 0.796397 0.183602
0.934369 0.898329 0.955358 0.930779 0.881528 0.914373
0.974021 0.902141 0.718556 0.913925 0.812019 0.765696
0.976018 0.798146 0.855495 0.989775 0.872411 0.833728
0.887681 0.999990 0.999990 0.971808 0.777095 0.922605
0.824001 0.031507 0.999990 0.999990 0.999990 0.824962
0.934976 0.954215 0.999990 0.928969 0.916465 0.951983
0.971475 0.972597 0.999990 0.844695 0.946624 0.946880
0.882539 0.910804 0.942939 0.999990 0.955735 0.965786
0.959636 0.921210 0.952546 0.936235 0.952912 0.938064
0.874063 0.999990 0.999990 0.807538 0.788999 0.999990
0.891843 0.999990 0.226123 0.952015 0.436485 0.999990
0.540557 0.662432 0.204442 0.851763 0.562259 0.324107
0.999990 0.999990 0.999990 0.973554 0.763089 0.824099
0.999990 0.999990 0.999990 0.896619 0.539817 0.999990
0.298800 0.656918 0.614826 0.965295 0.290913 0.716302
0.972948 0.999990 0.601470 0.767337 0.999990 0.999990
0.999990 0.955493 0.841030 0.740207 0.549734 0.999990
0.998440 0.479093 0.908155 0.000010 0.555119 0.920487
0.993208 0.999990 0.999990 0.891123 0.852692 0.977660
0.962714 0.999990 0.845931 0.986444 0.929913 0.948364
0.999990 0.770543 0.239411 0.894768 0.734614 0.916320
0.758653 0.823664 0.795782 0.745014 0.171236 0.723068
0.965935 0.061198 0.113521 0.107277 0.963839 0.675099
0.896953 0.837959 0.677875 0.770456 0.172289 0.495572
0.940152 0.999990 0.999990 0.999990 0.936519 0.521620
0.156258 0.848599 0.897392 0.809587 0.728634 0.999990
0.543956 0.999990 0.816285 0.012253 0.782129 0.913337
0.696822 0.970902 0.999990 0.990661 0.394377 0.667675
0.907181 0.364915 0.999990 0.974203 0.999990 0.679431
0.962342 0.574308 0.244601 0.999990 0.999990 0.874035
0.000010 0.999990 0.928805 0.785287 0.436668 0.530552
0.591596 0.999990 0.999990 0.947582 0.882350 0.913152
0.766816 0.763749 0.961403 0.942972 0.976118 0.999990
0.580590 0.936699 0.942666 0.358261 0.763314 0.826424
0.999990 0.857322 0.871642 0.414912 0.609084 0.890922
0.815574 0.867717 0.999990 0.999990 0.751106 0.676489
0.685687 0.999990 0.999990 0.969676 0.843802 0.863046
0.749792 0.999990 0.682773 0.880388 0.474334 0.519623
0.307910 0.000010 0.957770 0.442395 0.543917 0.914472
0.630926 0.999990 0.468450 0.551285 0.999990 0.211362
0.899246 0.996400 0.838138 0.975672 0.925481 0.927357
0.993849 0.932288 0.939069 0.927847 0.927877 0.846895
0.950902 0.896952 0.917565 0.999990 0.910012 0.978405
0.923594 0.971179 0.950274 0.943033 0.963353 0.966882
0.851260 0.999990 0.999990 0.999990 0.767661 0.605510
0.999990 0.999990 0.999990 0.887280 0.999990 0.772941
0.679704 0.999990 0.575575 0.410357 0.905850 0.418302
0.906398 0.966372 0.999990 0.715993 0.962519 0.982750
0.558657 0.905735 0.913586 0.700974 0.974656 0.333470
0.972262 0.431266 0.490964 0.796487 0.478235 0.997037
0.113985 0.813193 0.782596 0.168290 0.869997 0.571241
0.716278 0.114731 0.339432 0.971071 0.966309 0.397226
0.838783 0.794408 0.777526 0.963939 0.923890 0.897915
0.918918 0.795654 0.911419 0.981184 0.915439 0.986496
0.883646 0.953555 0.749604 0.914786 0.894431 0.890124
0.944693 0.921412 0.960462 0.928667 0.916509 0.878725
0.999907 0.841364 0.974037 0.927195 0.954881 0.968789
0.962437 0.942646 0.859651 0.919605 0.933771 0.955554
0.928654 0.999990 0.953421 0.889330 0.940393 0.938356
0.790175 0.513812 0.999990 0.623581 0.052400 0.999990
0.999986 0.247066 0.999990 0.734113 0.984029 0.905844
0.801263 0.853636 0.000010 0.999990 0.387573 0.703714
0.277666 0.645174 0.999990 0.884097 0.668853 0.180222
0.989550 0.999990 0.942097 0.736505 0.987744 0.999990
0.940613 0.758472 0.263285 0.813321 0.870888 0.999990
0.999990 0.999990 0.999990 0.791439 0.966749 0.999990
0.999990 0.651883 0.883311 0.409633 0.999990 0.820303
0.962436 0.956157 0.999990 0.789263 0.979347 0.999990
0.751922 0.975734 0.850081 0.884612 0.591683 0.746699
0.959241 0.197623 0.044655 0.010662 0.663239 0.941472
0.667795 0.999990 0.999990 0.981333 0.572150 0.592744
0.999990 0.999990 0.876711 0.683134 0.930063 0.999990
0.979979 0.952703 0.999990 0.918368 0.408593 0.999990
0.960618 0.999990 0.402520 0.999990 0.835336 0.933559
0.856059 0.999990 0.999990 0.999990 0.752608 0.765820
0.575374 0.620544 0.723340 0.064628 0.919200 0.420765
0.163566 0.485316 0.999990 0.999990 0.832621 0.734272
0.773014 0.999990 0.999990 0.785377 0.561268 0.357320
0.565927 0.596090 0.999990 0.787699 0.892059 0.869803
0.874232 0.159444 0.999990 0.705648 0.622767 0.786787
0.763361 0.531016 0.283884 0.443629 0.630755 0.697832
0.941853 0.999990 0.999990 0.707568 0.999990 0.972425
0.308368 0.657917 0.999990 0.783021 0.440789 0.253503
0.999990 0.185598 0.999990 0.447688 0.475425 0.946165
0.785165 0.922096 0.999990 0.999990 0.870134 0.973262
0.999990 0.186074 0.999990 0.963211 0.999990 0.944244
0.677614 0.999990 0.136870 0.670204 0.437230 0.397852
0.999990 0.976546 0.765721 0.936441 0.999990 0.928287
0.431481 0.867512 0.999990 0.999990 0.108698 0.710098
0.999990 0.999990 0.488325 0.569593 0.986522 0.969092
0.398292 0.525116 0.999990 0.999990 0.624117 0.828829
0.807092 0.658059 0.999990 0.975633 0.999990 0.947378
0.471487 0.226881 0.000010 0.849066 0.969692 0.731580
0.999990 0.999990 0.999990 0.983707 0.669965 0.999990
0.895322 0.944432 0.349568 0.999990 0.999990 0.999990
0.593330 0.741239 0.999990 0.402918 0.638634 0.768530
0.560124 0.266378 0.999990 0.700490 0.293681 0.584615
0.721449 0.554326 0.999990 0.999990 0.338350 0.772311
0.989972 0.999990 0.000010 0.510183 0.784221 0.999990
0.508591 0.916516 0.999990 0.980321 0.852335 0.654305
0.790816 0.995337 0.812694 0.999990 0.352879 0.818537
0.794311 0.682898 0.999990 0.893279 0.943775 0.908565
0.999990 0.999990 0.999990 0.749057 0.910444 0.999990
0.478997 0.974300 0.174428 0.374079 0.999990 0.841454
0.975432 0.999990 0.836756 0.839455 0.999990 0.916547
0.316534 0.999990 0.860283 0.814377 0.061496 0.551781
0.742936 0.536429 0.999990 0.999990 0.831808 0.771425
0.768307 0.977453 0.999990 0.999990 0.383368 0.818410
0.906832 0.959730 0.999990 0.775718 0.052314 0.289145
0.999990 0.266765 0.999990 0.867463 0.445378 0.788138
0.771753 0.802591 0.580761 0.673916 0.014175 0.822935
0.398355 0.666100 0.757677 0.979365 0.521206 0.341626
0.659775 0.171235 0.893442 0.788204 0.000010 0.688757
0.173073 0.526408 0.999990 0.654982 0.422755 0.649138
0.651669 0.861018 0.999990 0.999990 0.999990 0.300019
0.788808 0.260484 0.239206 0.979072 0.185728 0.457253
0.459941 0.739570 0.813196 0.951119 0.027472 0.939604
0.964290 0.885035 0.823750 0.987469 0.919610 0.985441
0.866796 0.931253 0.924299 0.955615 0.924953 0.937064
0.947929 0.954595 0.932504 0.977961 0.913989 0.933144
0.887084 0.879280 0.837280 0.913201 0.866825 0.781394
0.942335 0.808391 0.919603 0.986526 0.922584 0.981470
0.917677 0.969571 0.979162 0.932413 0.966158 0.974087
0.809765 0.918924 0.875951 0.889366 0.892391 0.849174
0.904118 0.915732 0.981375 0.799924 0.895116 0.933858
0.891833 0.881457 0.958232 0.913352 0.889383 0.932451
0.873485 0.962097 0.912132 0.923516 0.923668 0.926329
0.919861 0.945663 0.879800 0.898178 0.907469 0.819817
0.966400 0.876627 0.948413 0.976123 0.998864 0.929310
0.880546 0.792292 0.787108 0.827765 0.793690 0.860140
0.809402 0.864776 0.813950 0.802987 0.749735 0.773402
0.863137 0.850841 0.812077 0.946646 0.943250 0.863385
0.937745 0.822693 0.878231 0.844704 0.835359 0.839857
0.936227 0.916179 0.980802 0.962570 0.968594 0.950042
0.951549 0.999990 0.999990 0.953365 0.945504 0.891904
0.991702 0.855189 0.895600 0.956614 0.978651 0.937801
0.948443 0.838960 0.884024 0.974348 0.937569 0.979816
0.927181 0.811557 0.876396 0.941143 0.910744 0.993892
0.888292 0.920727 0.858303 0.944993 0.917534 0.915175
0.947335 0.957267 0.876984 0.989074 0.974231 0.895467
0.861994 0.826156 0.738482 0.809955 0.830585 0.794117
0.922264 0.970540 0.893821 0.930464 0.955218 0.916847
0.914716 0.811890 0.889482 0.844355 0.872215 0.853105
0.880848 0.999990 0.930187 0.876783 0.891685 0.919958
0.877628 0.929511 0.815243 0.894690 0.899546 0.903893
0.949709 0.955446 0.999990 0.948956 0.962559 0.950978
0.927375 0.951084 0.931755 0.973622 0.951669 0.963100
0.913072 0.919321 0.859305 0.945726 0.982692 0.966964
0.933098 0.981902 0.949213 0.838895 0.927952 0.867725
0.874551 0.906765 0.956682 0.944992 0.930533 0.921211
0.959139 0.746413 0.947403 0.919023 0.921312 0.922717
0.981261 0.944815 0.975817 0.861411 0.917804 0.999990
0.478830 0.056654 0.991765 0.300679 0.970715 0.664916
0.401814 0.648311 0.075664 0.552731 0.954940 0.494012
0.997686 0.999990 0.999990 0.574218 0.956925 0.999990
0.859764 0.999990 0.864314 0.509725 0.728400 0.818279
0.999960 0.999990 0.160930 0.503985 0.988379 0.943653
0.740435 0.203838 0.588990 0.596113 0.813524 0.711833
0.999990 0.999990 0.000010 0.521847 0.989885 0.798666
0.861775 0.999990 0.580276 0.979062 0.999990 0.948600
0.916265 0.872096 0.980332 0.925983 0.921457 0.983768
0.966923 0.828590 0.938427 0.934180 0.967950 0.978907
0.970211 0.999990 0.916992 0.871658 0.920596 0.849363
0.939616 0.949251 0.901689 0.957658 0.969722 0.970510
0.929168 0.891247 0.918397 0.897174 0.864386 0.782853
0.960298 0.953102 0.921750 0.950746 0.952955 0.947493
0.889190 0.774940 0.754893 0.942957 0.852907 0.808702
0.945490 0.959754 0.999990 0.926899 0.927537 0.952332
0.914385 0.902724 0.787822 0.973411 0.927887 0.976730
0.931880 0.848152 0.796722 0.876274 0.859402 0.929265
0.887487 0.890181 0.919448 0.894712 0.867351 0.836516
0.924761 0.911626 0.877074 0.966926 0.887604 0.901077
0.866889 0.940245 0.822195 0.953463 0.892517 0.842059
0.814082 0.894477 0.842575 0.753055 0.824134 0.884890
0.859064 0.955239 0.921501 0.855954 0.881591 0.869007
0.971590 0.878816 0.878302 0.966749 0.922625 0.927368
0.929989 0.846485 0.886775 0.916520 0.788191 0.774942
0.871153 0.742016 0.772109 0.686901 0.760107 0.773146
0.999990 0.999990 0.878630 0.842096 0.981562 0.718028
0.999990 0.834689 0.737341 0.543741 0.572572 0.901650
0.364565 0.999990 0.894092 0.802622 0.928630 0.831253
0.999990 0.999990 0.474939 0.902594 0.999990 0.999990
0.999990 0.180793 0.999990 0.772950 0.999990 0.732416
0.261231 0.999990 0.611094 0.912316 0.321898 0.543009
0.999990 0.945170 0.895980 0.994688 0.936974 0.925272
0.906986 0.999990 0.517814 0.483302 0.352851 0.912514
0.844807 0.999990 0.917082 0.999990 0.999990 0.997714
0.999990 0.543559 0.999990 0.954735 0.980665 0.892367
0.512345 0.843449 0.999990 0.870223 0.721130 0.407432
0.465751 0.450921 0.000010 0.542279 0.721711 0.841505
0.999990 0.999990 0.018681 0.000010 0.467279 0.999990
0.584666 0.999990 0.999990 0.961127 0.855946 0.999990
0.999990 0.135128 0.999990 0.999990 0.990655 0.783245
0.545516 0.888482 0.999990 0.536323 0.827786 0.999990
0.957539 0.117865 0.456517 0.367958 0.999990 0.758653
0.999990 0.999990 0.999990 0.602720 0.911043 0.999990
0.515022 0.984054 0.876964 0.872698 0.396701 0.850337
0.654859 0.626595 0.905096 0.822246 0.410964 0.558342
0.999990 0.999990 0.520734 0.783624 0.999990 0.999990
0.967303 0.435966 0.577111 0.455256 0.970186 0.772955
0.999990 0.999990 0.932637 0.686359 0.999990 0.999990
0.583660 0.470410 0.152961 0.962807 0.552339 0.867523
0.921216 0.916045 0.999990 0.830518 0.596534 0.927802
0.962696 0.451945 0.813399 0.405144 0.714292 0.954304
0.999990 0.999990 0.622864 0.999990 0.932672 0.999990
0.742678 0.999990 0.726557 0.580188 0.259988 0.466767
0.999990 0.851432 0.360037 0.999990 0.999990 0.924181
0.769238 0.987448 0.999990 0.873560 0.001454 0.793050
0.689353 0.128513 0.000010 0.140269 0.650204 0.941138
0.900687 0.841792 0.808271 0.847454 0.796422 0.953943
0.960058 0.999990 0.000010 0.520687 0.350788 0.981828
0.999990 0.963816 0.999990 0.695847 0.988566 0.999990
0.999990 0.913615 0.865262 0.595916 0.999990 0.962928
0.999990 0.999990 0.999990 0.999990 0.724942 0.999990
0.953976 0.999990 0.431442 0.874627 0.262932 0.999990
0.977829 0.607539 0.999990 0.999990 0.924482 0.694240
0.536986 0.929778 0.955058 0.387235 0.133498 0.839334
0.281582 0.999990 0.901523 0.491217 0.999990 0.094139
0.770822 0.999990 0.999990 0.999990 0.999990 0.962228
0.409807 0.999990 0.611882 0.800119 0.042905 0.611087
0.829466 0.787579 0.999990 0.999990 0.999990 0.756207
0.999990 0.163093 0.999990 0.689059 0.999990 0.999990
0.999990 0.999990 0.742782 0.392799 0.402256 0.948738
0.999990 0.158762 0.000010 0.221623 0.297292 0.924662
0.999990 0.985275 0.550122 0.819190 0.999990 0.970902
0.289377 0.999990 0.581175 0.856447 0.295979 0.849903
0.827749 0.511189 0.260611 0.302020 0.995537 0.914389
0.999990 0.459791 0.795875 0.999990 0.928390 0.879588
0.375067 0.728014 0.753820 0.847963 0.553774 0.623884
0.999990 0.944134 0.053163 0.511163 0.999990 0.999990
0.999990 0.999990 0.999990 0.628399 0.706351 0.935479
0.999990 0.999990 0.999990 0.497702 0.999990 0.999990
0.409042 0.999990 0.999990 0.999990 0.862935 0.789831
0.422569 0.999985 0.999990 0.504315 0.549446 0.570281
0.914335 0.399791 0.880743 0.189644 0.964670 0.853852
0.950318 0.970073 0.999990 0.935922 0.924642 0.937920
0.814922 0.520275 0.559427 0.431744 0.861327 0.591173
0.914063 0.976313 0.970819 0.960127 0.911595 0.957819
0.998754 0.973605 0.999990 0.673845 0.978110 0.999990
0.874953 0.388575 0.999990 0.849724 0.226810 0.846515
0.954664 0.000010 0.999988 0.356581 0.999990 0.999990
0.529478 0.483681 0.895973 0.733309 0.731642 0.572146
0.670237 0.910945 0.237251 0.409237 0.434656 0.529129
0.950650 0.229821 0.394547 0.877967 0.808634 0.849691
0.399430 0.960535 0.999990 0.608208 0.983298 0.571610
0.485944 0.664450 0.999990 0.885490 0.999990 0.949581
0.959227 0.999990 0.999990 0.802929 0.758457 0.906257
0.804919 0.764036 0.999990 0.847777 0.999990 0.999990
0.980482 0.895721 0.999990 0.924080 0.771045 0.881096
0.878323 0.430361 0.999990 0.466376 0.778786 0.928379
0.999990 0.964703 0.999990 0.816419 0.999990 0.741504
0.999990 0.999990 0.999990 0.722645 0.999990 0.999990
0.848789 0.999990 0.999990 0.841644 0.976990 0.861061
0.744720 0.565273 0.336263 0.192223 0.999990 0.551134
0.999990 0.680852 0.826428 0.844449 0.999990 0.856099
0.925569 0.172641 0.999990 0.678678 0.806141 0.833129
0.412544 0.999990 0.458534 0.343010 0.050870 0.962853
0.768495 0.242340 0.122687 0.852782 0.521512 0.725064
0.928913 0.844536 0.941191 0.921100 0.938460 0.897990
0.936940 0.838261 0.912790 0.999154 0.950987 0.958539
0.914795 0.942261 0.877914 0.983970 0.973913 0.955921
0.930342 0.909109 0.919157 0.940060 0.923511 0.971234
0.827600 0.816250 0.163345 0.578345 0.409927 0.410627
0.870924 0.732941 0.999990 0.901453 0.657593 0.504996
0.789174 0.842242 0.944608 0.995474 0.999990 0.999990
0.625350 0.260410 0.214312 0.684539 0.999990 0.328065
0.313576 0.897661 0.999990 0.999990 0.999990 0.213514
0.999990 0.256251 0.999990 0.999990 0.972704 0.921363
0.850204 0.999990 0.999990 0.966865 0.999990 0.999990
0.818488 0.532244 0.000010 0.720484 0.413239 0.999990
0.718874 0.352877 0.259102 0.732222 0.000010 0.999990
0.776408 0.000010 0.939229 0.582420 0.957550 0.692171
0.999990 0.119687 0.795235 0.822486 0.940956 0.856170
0.999990 0.326717 0.101753 0.999990 0.999990 0.999990
0.360522 0.969322 0.455631 0.875097 0.187381 0.611499
0.999990 0.883288 0.999990 0.684907 0.669593 0.835936
0.999990 0.981720 0.834046 0.999990 0.970670 0.834142
0.578110 0.759462 0.723535 0.315779 0.462001 0.506964
0.872137 0.999990 0.633925 0.554899 0.638509 0.598867
0.979537 0.855310 0.999990 0.935612 0.864493 0.999990
0.904118 0.995971 0.999990 0.503538 0.857718 0.824483
0.901314 0.863647 0.261144 0.339620 0.559486 0.906933
0.331949 0.855368 0.999990 0.756095 0.793688 0.235792
0.865456 0.606450 0.602988 0.749497 0.652802 0.565979
0.938386 0.853882 0.773032 0.856365 0.720472 0.693320
0.999990 0.854210 0.999990 0.920060 0.999990 0.862056
0.782496 0.680898 0.941602 0.587610 0.999990 0.500665
